1, 2.9999999999960614e-06
2, 4.000000000004e-06
3, 3.0000000000030003e-06
4, 4.9999999999980616e-06
5, 4.9999999999980616e-06
6, 8.000000000001062e-06
7, 8.000000000001062e-06
8, 9.999999999996123e-06
9, 1.0000000000003062e-05
10, 1.1999999999998123e-05
11, 1.4000000000000123e-05
12, 1.4999999999994185e-05
13, 1.6000000000002124e-05
14, 1.7999999999997185e-05
15, 1.8999999999998185e-05
16, 1.9999999999999185e-05
17, 2.2999999999995246e-05
18, 2.4000000000003185e-05
19, 2.4999999999997247e-05
20, 2.4999999999997247e-05
21, 2.8000000000000247e-05
22, 2.8999999999994308e-05
23, 3.099999999999631e-05
24, 5.4999999999999494e-05
25, 3.700000000000231e-05
26, 3.900000000000431e-05
27, 4.300000000000137e-05
28, 4.300000000000137e-05
29, 4.599999999999743e-05
30, 4.799999999999943e-05
31, 5.200000000000343e-05
32, 5.500000000000643e-05
33, 5.6999999999994555e-05
34, 5.9999999999997555e-05
35, 6.300000000000056e-05
36, 6.700000000000456e-05
37, 8.000000000000368e-05
38, 7.499999999999868e-05
39, 8.99999999999998e-05
40, 8.79999999999978e-05
41, 8.99999999999998e-05
42, 8.79999999999978e-05
43, 8.99999999999998e-05
44, 9.40000000000038e-05
45, 9.800000000000086e-05
46, 0.00010299999999999893
47, 0.00010600000000000193
48, 0.00010999999999999899
49, 0.00011400000000000299
50, 0.00011800000000000005
51, 0.00012199999999999711
52, 0.00013799999999999923
53, 0.00013699999999999823
54, 0.0001769999999999966
55, 0.00016100000000000836
56, 0.00014000000000000123
57, 0.00014499999999999236
58, 0.00014999999999999736
59, 0.00015400000000000136
60, 0.00015899999999999248
61, 0.00016500000000001236
62, 0.00017000000000000348
63, 0.00017400000000000748
64, 0.0001779999999999976
65, 0.00018399999999998973
66, 0.00021300000000000485
67, 0.00019399999999999973
68, 0.00019899999999999085
69, 0.00020599999999999785
70, 0.00021000000000000185
71, 0.00021599999999999397
72, 0.00022199999999999998
73, 0.00022800000000000598
74, 0.0002329999999999971
75, 0.00031299999999999384
76, 0.0002449999999999952
77, 0.0002510000000000012
78, 0.0002570000000000072
79, 0.0002950000000000036
80, 0.0003019999999999967
81, 0.0003049999999999997
82, 0.00032099999999998796
83, 0.00032300000000000384
84, 0.0002950000000000036
85, 0.0003019999999999967
86, 0.00030799999999998884
87, 0.00031499999999999584
88, 0.00032800000000000884
89, 0.0003690000000000082
90, 0.00037600000000000133
91, 0.00037600000000000133
92, 0.00038000000000000533
93, 0.0004100000000000076
94, 0.0004759999999999903
95, 0.00038300000000000833
96, 0.0004259999999999958
97, 0.0003979999999999956
98, 0.0004260000000000097
99, 0.0004179999999999878
100, 0.0004190000000000027
101, 0.0004170000000000007
102, 0.0004780000000000062
103, 0.00043199999999998795
104, 0.0004410000000000247
105, 0.00045000000000000595
106, 0.0004579999999999862
107, 0.0004669999999999952
108, 0.0005379999999999829
109, 0.0004830000000000112
110, 0.0004899999999999904
111, 0.0005000000000000004
112, 0.0005060000000000064
113, 0.0005779999999999952
114, 0.0006170000000000064
115, 0.0006049999999999944
116, 0.0006349999999999967
117, 0.0005519999999999969
118, 0.0006530000000000147
119, 0.0005689999999999862
120, 0.0006059999999999954
121, 0.0005889999999999784
122, 0.0005999999999999894
123, 0.0006349999999999967
124, 0.0006339999999999957
125, 0.0006929999999999992
126, 0.0006359999999999977
127, 0.0007109999999999894
128, 0.0006779999999999842
129, 0.0006650000000000267
130, 0.0006780000000000119
131, 0.0007969999999999922
132, 0.0006950000000000012
133, 0.0007860000000000089
134, 0.0007149999999999934
135, 0.0008159999999999834
136, 0.0008740000000000137
137, 0.0008900000000000019
138, 0.0008959999999999801
139, 0.0008410000000000084
140, 0.0009260000000000101
141, 0.0009409999999999974
142, 0.0009099999999999941
143, 0.0008130000000000082
144, 0.0008210000000000162
145, 0.0008319999999999994
146, 0.0009469999999999756
147, 0.0008549999999999947
148, 0.0010610000000000064
149, 0.0009539999999999826
150, 0.0008879999999999999
151, 0.0008989999999999831
152, 0.0009109999999999951
153, 0.0010220000000000229
154, 0.0009359999999999924
155, 0.0009469999999999756
156, 0.0010479999999999934
157, 0.0011510000000000131
158, 0.0011650000000000271
159, 0.0010539999999999994
160, 0.0010060000000000069
161, 0.0010180000000000189
162, 0.001044000000000045
163, 0.0010429999999999606
164, 0.0010550000000000281
165, 0.0010689999999999866
166, 0.0010809999999999986
167, 0.0010910000000000086
168, 0.0012869999999999826
169, 0.0011180000000000079
170, 0.0011369999999999991
171, 0.0011470000000000091
172, 0.0011569999999999636
173, 0.0011680000000000024
174, 0.0011830000000000451
175, 0.0013190000000000146
176, 0.0012099999999999889
177, 0.0013340000000000019
178, 0.0012460000000000249
179, 0.0012510000000000021
180, 0.0013419999999999543
181, 0.001668999999999976
182, 0.0012909999999999866
183, 0.0016049999999999676
184, 0.0013560000000000239
185, 0.0016670000000000296
186, 0.0013859999999999983
187, 0.0014859999999999873
188, 0.001686999999999994
189, 0.001674999999999982
190, 0.0017019999999999813
191, 0.001458999999999988
192, 0.0014719999999999733
193, 0.001487000000000016
194, 0.0016499999999999848
195, 0.0015779999999999683
196, 0.001597000000000015
197, 0.0016390000000000016
198, 0.0015600000000000058
199, 0.0016160000000000063
200, 0.001601000000000019
201, 0.001609000000000027
202, 0.0020489999999999675
203, 0.0016400000000000303
204, 0.0017009999999999525
205, 0.0021559999999999913
206, 0.001976999999999951
207, 0.0017029999999999546
208, 0.0020939999999999848
209, 0.0018040000000000278
210, 0.0017499999999999738
211, 0.0018600000000000283
212, 0.002110999999999974
213, 0.0018560000000000798
214, 0.0019219999999999793
215, 0.002175000000000038
216, 0.0018880000000000008
217, 0.001870999999999956
218, 0.002747000000000055
219, 0.001923000000000008
220, 0.00208800000000009
221, 0.0019879999999999898
222, 0.0024610000000000465
223, 0.0020610000000000905
224, 0.0020090000000000385
225, 0.0021860000000000213
226, 0.0023170000000000135
227, 0.0021280000000000188
228, 0.0020600000000000618
229, 0.002561999999999953
230, 0.0020879999999999788
231, 0.002246999999999999
232, 0.002230999999999983
233, 0.0024859999999999882
234, 0.0021649999999999725
235, 0.0022119999999999918
236, 0.0023239999999999927
237, 0.00239900000000004
238, 0.0041280000000000205
239, 0.0025410000000000155
240, 0.00272299999999992
241, 0.0026010000000000755
242, 0.0025159999999999627
243, 0.002395000000000036
244, 0.0023480000000000167
245, 0.002581999999999973
246, 0.0025720000000000187
247, 0.0028519999999999657
248, 0.002827000000000024
249, 0.00261100000000003
250, 0.0026169999999999805
251, 0.0024850000000000705
252, 0.0028169999999999584
253, 0.0030130000000000434
254, 0.0028400000000000647
255, 0.002635000000000054
256, 0.0027849999999999264
257, 0.0026080000000000547
258, 0.0026490000000000125
259, 0.002867000000000064
260, 0.0027250000000000885
261, 0.003126999999999991
262, 0.0034080000000000776
263, 0.0030649999999999844
264, 0.0027650000000000174
265, 0.003013999999999961
266, 0.002801999999999971
267, 0.0028009999999999424
268, 0.0030599999999999516
269, 0.00299499999999997
270, 0.002867000000000064
271, 0.0028039999999999177
272, 0.002950999999999926
273, 0.0030609999999999804
274, 0.0030210000000000514
275, 0.0028960000000000097
276, 0.003141999999999978
277, 0.0030890000000000084
278, 0.0031479999999999286
279, 0.003126000000000073
280, 0.0031689999999999774
281, 0.0032640000000000446
282, 0.0032449999999999424
283, 0.00315399999999999
284, 0.0033159999999999856
285, 0.0033609999999999474
286, 0.0033410000000000384
287, 0.003242999999999885
288, 0.0033760000000000456
289, 0.003363000000000005
290, 0.003647000000000178
291, 0.003859000000000057
292, 0.003554999999999975
293, 0.003433999999999937
294, 0.0035560000000001146
295, 0.003889999999999949
296, 0.0035969999999998503
297, 0.0036769999999999303
298, 0.003550000000000164
299, 0.003657999999999939
300, 0.003449999999999953
301, 0.003478000000000092
302, 0.0035280000000001976
303, 0.003713999999999995
304, 0.004126999999999992
305, 0.003642000000000145
306, 0.004020000000000135
307, 0.003929999999999989
308, 0.003910999999999998
309, 0.003986000000000045
310, 0.003956000000000071
311, 0.0039879999999998805
312, 0.0040160000000000196
313, 0.0038319999999998355
314, 0.003922999999999899
315, 0.003970999999999947
316, 0.0040960000000000996
317, 0.004192999999999891
318, 0.0042919999999999625
319, 0.004037000000000068
320, 0.00394400000000017
321, 0.003976999999999897
322, 0.004022999999999888
323, 0.004297999999999913
324, 0.004382000000000108
325, 0.004529000000000005
326, 0.004355000000000109
327, 0.0047079999999999345
328, 0.004545000000000021
329, 0.005027000000000115
330, 0.004380999999999968
331, 0.004310999999999954
332, 0.004389999999999894
333, 0.004482000000000097
334, 0.004580999999999946
335, 0.005031000000000008
336, 0.004611000000000143
337, 0.00506899999999999
338, 0.00471099999999991
339, 0.005352000000000023
340, 0.004850000000000021
341, 0.00467799999999996
342, 0.005058999999999925
343, 0.004903999999999797
344, 0.004998000000000058
345, 0.005060999999999982
346, 0.005062000000000122
347, 0.005444000000000004
348, 0.005744999999999889
349, 0.0050280000000000324
350, 0.005455999999999905
351, 0.005155999999999938
352, 0.005615000000000148
353, 0.00529999999999986
354, 0.005477000000000176
355, 0.005576999999999943
356, 0.005080999999999891
357, 0.005263999999999935
358, 0.005257000000000067
359, 0.005260000000000042
360, 0.005662999999999974
361, 0.005905000000000049
362, 0.005523000000000167
363, 0.005905000000000049
364, 0.005924999999999958
365, 0.006019999999999914
366, 0.005701999999999874
367, 0.005683000000000105
368, 0.005600999999999967
369, 0.005351000000000106
370, 0.006199000000000066
371, 0.006429000000000018
372, 0.0061189999999999856
373, 0.006010999999999989
374, 0.005720999999999865
375, 0.006564000000000014
376, 0.006167999999999951
377, 0.006123000000000101
378, 0.006396000000000068
379, 0.006129999999999969
380, 0.006416999999999895
381, 0.006480999999999959
382, 0.006251000000000229
383, 0.0062709999999999155
384, 0.006756000000000206
385, 0.006918000000000202
386, 0.006993000000000027
387, 0.00642100000000001
388, 0.006736999999999771
389, 0.007031999999999705
390, 0.006689000000000167
391, 0.007001000000000257
392, 0.006989000000000356
393, 0.0066550000000002996
394, 0.006843999999999628
395, 0.0069510000000003735
396, 0.0068589999999999485
397, 0.007546999999999748
398, 0.007156000000000162
399, 0.007698999999999678
400, 0.008628999999999998
401, 0.008148999999999962
402, 0.008151000000000241
403, 0.007697999999999983
404, 0.007350999999999885
405, 0.007083999999999868
406, 0.007284999999999986
407, 0.007158999999999693
408, 0.00765400000000005
409, 0.007204999999999906
410, 0.007940000000000058
411, 0.008093000000000128
412, 0.008380999999999972
413, 0.008554000000000173
414, 0.00788499999999992
415, 0.008471000000000117
416, 0.008126999999999995
417, 0.008089000000000013
418, 0.008326999999999973
419, 0.007552000000000003
420, 0.007373999999999992
421, 0.007504999999999651
422, 0.007352999999999721
423, 0.0073750000000001315
424, 0.007692000000000032
425, 0.008036000000000154
426, 0.008372000000000046
427, 0.008148999999999962
428, 0.008134999999999781
429, 0.008410999999999724
430, 0.008138999999999896
431, 0.007935999999999943
432, 0.008005999999999958
433, 0.00794999999999968
434, 0.007769999999999833
435, 0.00779799999999975
436, 0.007629000000000108
437, 0.007673000000000041
438, 0.007918999999999787
439, 0.008186000000000249
440, 0.008024000000000253
441, 0.00835100000000022
442, 0.007899999999999796
443, 0.007950000000000124
444, 0.00803799999999999
445, 0.009481000000000073
446, 0.008220000000000116
447, 0.008100000000000218
448, 0.009078000000000142
449, 0.008259999999999934
450, 0.00851000000000024
451, 0.008553000000000033
452, 0.008642000000000039
453, 0.008379000000000136
454, 0.008375999999999717
455, 0.008713000000000193
456, 0.008437999999999946
457, 0.008484999999999854
458, 0.009442999999999646
459, 0.008838000000000346
460, 0.008677000000000046
461, 0.00873899999999983
462, 0.008780000000000232
463, 0.008775999999999673
464, 0.008888999999999925
465, 0.008823000000000025
466, 0.010304999999999787
467, 0.008907999999999916
468, 0.008916000000000146
469, 0.009095999999999993
470, 0.009565000000000268
471, 0.009147999999999712
472, 0.009135999999999811
473, 0.009106000000000058
474, 0.009392000000000067
475, 0.00941499999999973
476, 0.009409999999999918
477, 0.009447000000000205
478, 0.010241999999999862
479, 0.009465999999999752
480, 0.009542999999999857
481, 0.009452000000000016
482, 0.00959000000000021
483, 0.00957399999999975
484, 0.009640999999999789
485, 0.009661999999999615
486, 0.009673000000000265
487, 0.009792000000000023
488, 0.010461000000000276
489, 0.009959000000000273
490, 0.009920999999999847
491, 0.00998399999999977
492, 0.009955999999999854
493, 0.01069600000000026
494, 0.010566999999999993
495, 0.010077000000000336
496, 0.010094999999999743
497, 0.010165000000000202
498, 0.010503000000000373
499, 0.010609999999999786
500, 0.010412000000000088
501, 0.01037700000000008
502, 0.010448000000000235
503, 0.01045100000000021
504, 0.010520000000000085
505, 0.010599000000000025
506, 0.010736999999999775
507, 0.010580000000000034
508, 0.010726000000000013
509, 0.010771000000000086
510, 0.01080299999999923
511, 0.01083000000000034
512, 0.010906999999999556
513, 0.010913000000000395
514, 0.011325000000000252
515, 0.011404999999999887
516, 0.011034999999999684
517, 0.011735999999999969
518, 0.011394999999999378
519, 0.011983999999999995
520, 0.0119170000000004
521, 0.011264999999999858
522, 0.011534000000000155
523, 0.011703999999999937
524, 0.012001999999999846
525, 0.011557999999999957
526, 0.011855999999999867
527, 0.01176300000000019
528, 0.011627999999999972
529, 0.011851000000000056
530, 0.011733999999999689
531, 0.0119119999999997
532, 0.011880999999999808
533, 0.01189399999999985
534, 0.01191999999999993
535, 0.012135999999999925
536, 0.011959000000000053
537, 0.01222000000000012
538, 0.013494000000000561
539, 0.012716000000000172
540, 0.013187000000000282
541, 0.013272000000000617
542, 0.013384000000000285
543, 0.013336999999999932
544, 0.014667000000000208
545, 0.014412000000000091
546, 0.014273000000000202
547, 0.014413999999999483
548, 0.014457000000000164
549, 0.013627999999999751
550, 0.014364999999999739
551, 0.014674000000000298
552, 0.014884000000000341
553, 0.013897000000000048
554, 0.013964000000000532
555, 0.013720000000000176
556, 0.013939999999999841
557, 0.013567000000000107
558, 0.013403000000000276
559, 0.01407299999999978
560, 0.014204999999999579
561, 0.014043000000000028
562, 0.015511999999999304
563, 0.015254999999999797
564, 0.01500400000000024
565, 0.014777999999999736
566, 0.014777999999999736
567, 0.014764000000000443
568, 0.014797999999999867
569, 0.014410999999999952
570, 0.015177999999999692
571, 0.014469000000000065
572, 0.014895000000000103
573, 0.01435599999999937
574, 0.015227999999999575
575, 0.01530599999999982
576, 0.015266999999999697
577, 0.0157689999999997
578, 0.01624300000000023
579, 0.016204000000000107
580, 0.016318000000000055
581, 0.01561199999999996
582, 0.01628300000000049
583, 0.015274999999999928
584, 0.015368000000000492
585, 0.015711000000000475
586, 0.016157999999999895
587, 0.016183999999999976
588, 0.01578800000000058
589, 0.01592799999999972
590, 0.016302999999999734
591, 0.015845000000000553
592, 0.016173999999999467
593, 0.01612400000000047
594, 0.016047999999999618
595, 0.016197000000000017
596, 0.016150999999999804
597, 0.01686499999999924
598, 0.017440000000000566
599, 0.016452000000000133
600, 0.016516000000000197
601, 0.01610699999999987
602, 0.016339999999999577
603, 0.016027000000000236
604, 0.016119999999999912
605, 0.01564600000000027
606, 0.01576700000000031
607, 0.015663999999999234
608, 0.01606899999999989
609, 0.016523000000000287
610, 0.016027999999999487
611, 0.016153000000000084
612, 0.016325000000000145
613, 0.01654100000000014
614, 0.016299000000000063
615, 0.016971000000000735
616, 0.016380000000000727
617, 0.01657400000000031
618, 0.016473999999999656
619, 0.016452999999999385
620, 0.01671400000000034
621, 0.016653000000000695
622, 0.01656199999999952
623, 0.017115999999999687
624, 0.016907999999999923
625, 0.016739999999999533
626, 0.01667899999999989
627, 0.01728599999999947
628, 0.01749799999999979
629, 0.01858900000000041
630, 0.017394999999999605
631, 0.017120000000000246
632, 0.01734900000000028
633, 0.01885300000000001
634, 0.018337999999999965
635, 0.01858800000000027
636, 0.019207999999999892
637, 0.01979499999999934
638, 0.018932000000000393
639, 0.019117999999999746
640, 0.01935299999999973
641, 0.018913999999999653
642, 0.019359999999999822
643, 0.01936900000000019
644, 0.0195110000000005
645, 0.019261000000000195
646, 0.018323000000000533
647, 0.018182000000000365
648, 0.01811000000000007
649, 0.019575999999999816
650, 0.018764000000000003
651, 0.01904800000000062
652, 0.01890500000000017
653, 0.018971000000000515
654, 0.0193329999999996
655, 0.021247999999999934
656, 0.02038699999999949
657, 0.02042900000000003
658, 0.020353000000000065
659, 0.020044999999999646
660, 0.020034000000000773
661, 0.020554000000000627
662, 0.019822999999998814
663, 0.02077000000000062
664, 0.020897999999998973
665, 0.020338999999999885
666, 0.019393000000000882
667, 0.019331000000001097
668, 0.02039599999999986
669, 0.020011000000000223
670, 0.019766999999999868
671, 0.02072099999999999
672, 0.020927000000000362
673, 0.02164400000000022
674, 0.02212399999999981
675, 0.022099000000000757
676, 0.022295999999998983
677, 0.02136199999999988
678, 0.020321999999998397
679, 0.019927000000000916
680, 0.020156000000000063
681, 0.02010899999999971
682, 0.0205769999999994
683, 0.020441999999999183
684, 0.020386000000000237
685, 0.020528999999999797
686, 0.020512999999999337
687, 0.02075199999999988
688, 0.020493999999999346
689, 0.020673000000000386
690, 0.020783999999999025
691, 0.02090700000000112
692, 0.02091300000000018
693, 0.021062999999999832
694, 0.02091700000000074
695, 0.021171000000000717
696, 0.02114999999999867
697, 0.02147399999999955
698, 0.021160000000000068
699, 0.021346999999998673
700, 0.02135700000000007
701, 0.021869999999999834
702, 0.021762999999999977
703, 0.02153700000000036
704, 0.021762000000000725
705, 0.02183400000000013
706, 0.021702999999998696
707, 0.022202999999999307
708, 0.02201000000000164
709, 0.021998999999999214
710, 0.02231300000000047
711, 0.02197800000000072
712, 0.02214200000000055
713, 0.022242000000000317
714, 0.022360000000000824
715, 0.02256299999999989
716, 0.02228900000000067
717, 0.02271799999999935
718, 0.022499999999999076
719, 0.02271299999999954
720, 0.02274599999999971
721, 0.023087999999999553
722, 0.02379099999999923
723, 0.023153999999999897
724, 0.023246000000000322
725, 0.023082999999999743
726, 0.02323100000000089
727, 0.02321799999999996
728, 0.023733000000000004
729, 0.02330299999999852
730, 0.023569999999999425
731, 0.02353800000000028
732, 0.023564000000000362
733, 0.023908000000000484
734, 0.024015999999999593
735, 0.0241340000000001
736, 0.024582000000000548
737, 0.02394099999999888
738, 0.024123000000001227
739, 0.024462999999999013
740, 0.02442800000000034
741, 0.024392000000000635
742, 0.02707000000000015
743, 0.026377000000000095
744, 0.028399000000000285
745, 0.026970000000000383
746, 0.026216999999999047
747, 0.025673999999998642
748, 0.025733999999999924
749, 0.02625499999999903
750, 0.02663300000000035
751, 0.027312000000000225
752, 0.027002000000001303
753, 0.02598500000000037
754, 0.025859999999999772
755, 0.025463000000000235
756, 0.026084000000000884
757, 0.025935999999999737
758, 0.025766000000000844
759, 0.026211999999999236
760, 0.026552999999999827
761, 0.026589000000001306
762, 0.028408999999999907
763, 0.029223
764, 0.029715000000001268
765, 0.02893399999999957
766, 0.029488999999999876
767, 0.029315999999999676
768, 0.03107900000000008
769, 0.02925500000000092
770, 0.029869999999998953
771, 0.030867000000000644
772, 0.030463000000001017
773, 0.03064800000000112
774, 0.029473999999998668
775, 0.02989800000000109
776, 0.03001599999999982
777, 0.03051100000000062
778, 0.030093000000000814
779, 0.030919000000000807
780, 0.03000199999999964
781, 0.03031299999999959
782, 0.0304329999999986
783, 0.03108499999999914
784, 0.031060000000000088
785, 0.03051800000000071
786, 0.03089999999999904
787, 0.03019500000000086
788, 0.029837000000000558
789, 0.02982999999999869
790, 0.029944000000000415
791, 0.029940000000001632
792, 0.030076000000001102
793, 0.029736999999999014
794, 0.02988000000000035
795, 0.030222000000000193
796, 0.0301670000000005
797, 0.02944500000000083
798, 0.030708999999999875
799, 0.03127699999999933
800, 0.03306699999999907
801, 0.032761000000000706
802, 0.03256899999999874
803, 0.03191200000000016
804, 0.030806999999999363
805, 0.032109000000000165
806, 0.030537999999999954
807, 0.030113999999999308
808, 0.0295229999999993
809, 0.030046999999999713
810, 0.030059999999998865
811, 0.030012000000001038
812, 0.029968000000000217
813, 0.030040999999998874
814, 0.030222999999999445
815, 0.032141000000001085
816, 0.031043999999999627
817, 0.030683999999999045
818, 0.0297079999999994
819, 0.03016299999999994
820, 0.030935000000001267
821, 0.030272999999999328
822, 0.030278000000000915
823, 0.031181000000000125
824, 0.030535999999999675
825, 0.03068100000000129
826, 0.03214299999999959
827, 0.03230199999999961
828, 0.03157600000000116
829, 0.03059599999999918
830, 0.03094300000000061
831, 0.030898999999999788
832, 0.03265299999999982
833, 0.030912000000000717
834, 0.03148600000000101
835, 0.031246999999998692
836, 0.03160100000000021
837, 0.03126699999999971
838, 0.033214000000000965
839, 0.033311999999998676
840, 0.03182900000000011
841, 0.03240500000000068
842, 0.032083000000000084
843, 0.03199699999999872
844, 0.03292399999999951
845, 0.03499099999999977
846, 0.033362000000000336
847, 0.033168999999999116
848, 0.03378200000000042
849, 0.03409100000000009
850, 0.03292999999999857
851, 0.03295699999999968
852, 0.032730000000000814
853, 0.03280900000000031
854, 0.03290399999999849
855, 0.03476500000000016
856, 0.03514000000000017
857, 0.03284800000000132
858, 0.03343900000000133
859, 0.033142999999999034
860, 0.033388000000002194
861, 0.03389600000000215
862, 0.033483000000000374
863, 0.03537199999999885
864, 0.03428399999999954
865, 0.03402699999999825
866, 0.03741199999999978
867, 0.03370199999999812
868, 0.037110000000001975
869, 0.0346599999999988
870, 0.03706499999999835
871, 0.03712900000000019
872, 0.036408999999999025
873, 0.034582000000000335
874, 0.035067000000001514
875, 0.03452399999999756
876, 0.034654999999997216
877, 0.03512299999999868
878, 0.034589000000000425
879, 0.03706600000000293
880, 0.035543000000000546
881, 0.0352560000000004
882, 0.03822800000000015
883, 0.03811800000000076
884, 0.03800999999999988
885, 0.03815999999999775
886, 0.03764400000000023
887, 0.03681999999999874
888, 0.03737899999999783
889, 0.036901000000000295
890, 0.03705100000000172
891, 0.036841000000002566
892, 0.03625800000000012
893, 0.036599999999999966
894, 0.03867100000000079
895, 0.03884899999999902
896, 0.0404030000000013
897, 0.03995500000000263
898, 0.040523999999997784
899, 0.04125000000000156
900, 0.041901999999996775
901, 0.04001700000000241
902, 0.04075600000000179
903, 0.0412329999999983
904, 0.04015800000000169
905, 0.03879699999999886
906, 0.03891099999999881
907, 0.03984399999999866
908, 0.04234199999999788
909, 0.044712999999998004
910, 0.04011500000000012
911, 0.03932299999999955
912, 0.04028900000000135
913, 0.04199200000000047
914, 0.044258000000002795
915, 0.0427989999999987
916, 0.04084100000000035
917, 0.041329999999998535
918, 0.04222599999999943
919, 0.04188999999999865
920, 0.044484000000000634
921, 0.043420000000001124
922, 0.03988299999999967
923, 0.04160900000000112
924, 0.04281800000000047
925, 0.04354499999999817
926, 0.042577999999998895
927, 0.0443080000000009
928, 0.04413100000000014
929, 0.043091000000000435
930, 0.0441110000000009
931, 0.044711000000003054
932, 0.0437189999999994
933, 0.04611600000000138
934, 0.04378799999999927
935, 0.039856000000000336
936, 0.039991000000000554
937, 0.039957999999998606
938, 0.04297299999999993
939, 0.04388299999999745
940, 0.04492399999999819
941, 0.04307199999999867
942, 0.04063899999999876
943, 0.042298999999999864
944, 0.040717999999998256
945, 0.04204599999999914
946, 0.04260499999999823
947, 0.04309299999999894
948, 0.04411699999999996
949, 0.04368900000000053
950, 0.042927999999999855
951, 0.042821
952, 0.045688999999999425
953, 0.047225999999998436
954, 0.048000999999999294
955, 0.04746199999999945
956, 0.04516100000000023
957, 0.043912000000002394
958, 0.043010000000002435
959, 0.04285700000000148
960, 0.04210600000000042
961, 0.04185899999999876
962, 0.04271699999999967
963, 0.043013000000001966
964, 0.042681000000001745
965, 0.04369000000000156
966, 0.04424799999999962
967, 0.04391299999999987
968, 0.04362400000000122
969, 0.04458500000000143
970, 0.046517000000001474
971, 0.04636700000000005
972, 0.043853999999999616
973, 0.04334400000000116
974, 0.04437700000000078
975, 0.04375100000000032
976, 0.04411999999999949
977, 0.04502899999999954
978, 0.045210999999998336
979, 0.04543699999999973
980, 0.048210000000000974
981, 0.04950799999999944
982, 0.048210000000000974
983, 0.04605800000000215
984, 0.04516999999999882
985, 0.04643300000000039
986, 0.049244999999999095
987, 0.049641000000001156
988, 0.048178000000000054
989, 0.04715799999999959
990, 0.046946999999999406
991, 0.048546000000001754
992, 0.05036099999999877
993, 0.04742600000000152
994, 0.045403000000000304
995, 0.04532400000000081
996, 0.04619999999999891
997, 0.04616100000000145
998, 0.05041800000000052
999, 0.05261199999999988
1000, 0.049657999999997315
1001, 0.04609699999999961
1002, 0.04638699999999929
1003, 0.04678600000000088
1004, 0.05260499999999979
1005, 0.0536100000000026
1006, 0.050204000000000804
1007, 0.050046999999999287
1008, 0.05136999999999858
1009, 0.05303999999999931
1010, 0.051218000000002206
1011, 0.05107200000000134
1012, 0.050495999999998986
1013, 0.04952499999999915
1014, 0.05121600000000015
1015, 0.052323999999998705
1016, 0.05078600000000222
1017, 0.05339999999999989
1018, 0.05166600000000088
1019, 0.05236799999999775
1020, 0.05288900000000041
1021, 0.05302099999999754
1022, 0.05279700000000176
1023, 0.051953000000001026
1024, 0.05252700000000132
1025, 0.0517440000000029
1026, 0.05164399999999958
1027, 0.050692000000001514
1028, 0.05101399999999856
1029, 0.0519759999999998
1030, 0.05358500000000177
1031, 0.05294699999999963
1032, 0.057117999999999114
1033, 0.05328000000000088
1034, 0.05297600000000102
1035, 0.054663999999998936
1036, 0.05319099999999821
1037, 0.051154000000000366
1038, 0.0504320000000007
1039, 0.05292599999999936
1040, 0.05400200000000055
1041, 0.0533670000000015
1042, 0.053914999999999935
1043, 0.05363499999999988
1044, 0.05193700000000234
1045, 0.05086299999999966
1046, 0.05079000000000278
1047, 0.05014399999999952
1048, 0.05127200000000087
1049, 0.050755000000002326
1050, 0.050787000000003246
1051, 0.05146700000000237
1052, 0.05118900000000082
1053, 0.05229500000000087
1054, 0.05193699999999879
1055, 0.0527470000000001
1056, 0.05156600000000111
1057, 0.05153699999999972
1058, 0.051617000000000246
1059, 0.051649000000001166
1060, 0.0527930000000012
1061, 0.05180700000000016
1062, 0.0545540000000031
1063, 0.05390200000000078
1064, 0.053879999999999484
1065, 0.054773999999998324
1066, 0.05393299999999712
1067, 0.05669599999999875
1068, 0.054679000000000144
1069, 0.0548649999999995
1070, 0.055350000000000676
1071, 0.05293299999999945
1072, 0.053606999999999516
1073, 0.05396599999999907
1074, 0.05432400000000115
1075, 0.054209000000000174
1076, 0.05605100000000007
1077, 0.05426000000000286
1078, 0.05355000000000132
1079, 0.05431899999999956
1080, 0.055803000000000935
1081, 0.05614100000000022
1082, 0.05835400000000135
1083, 0.05979300000000265
1084, 0.05793900000000107
1085, 0.05991900000000072
1086, 0.058364999999998446
1087, 0.05485000000000184
1088, 0.05700200000000066
1089, 0.056827999999999435
1090, 0.057880999999998295
1091, 0.05637500000000273
1092, 0.05568900000000099
1093, 0.058559999999999945
1094, 0.05759000000000114
1095, 0.056204999999998506
1096, 0.05615800000000348
1097, 0.05792999999999893
1098, 0.055833999999997275
1099, 0.05681300000000178
1100, 0.05645799999999923
1101, 0.0559710000000031
1102, 0.058568000000001064
1103, 0.05669100000000071
1104, 0.05679299999999898
1105, 0.0569940000000031
1106, 0.05693899999999985
1107, 0.05676400000000115
1108, 0.05669799999999725
1109, 0.05962600000000151
1110, 0.05822400000000272
1111, 0.05978600000000256
1112, 0.05839000000000283
1113, 0.05847899999999839
1114, 0.05761100000000141
1115, 0.0592189999999988
1116, 0.057529000000002384
1117, 0.058408000000000015
1118, 0.05887400000000298
1119, 0.05818800000000124
1120, 0.05880200000000002
1121, 0.060456000000002064
1122, 0.05936299999999761
1123, 0.058381000000004235
1124, 0.059004999999999086
1125, 0.05968000000000018
1126, 0.05878600000000489
1127, 0.06256799999999885
1128, 0.06133100000000269
1129, 0.05946399999999841
1130, 0.06159399999999948
1131, 0.059472999999997
1132, 0.060183000000002096
1133, 0.060358999999998275
1134, 0.06263500000000022
1135, 0.060311999999996146
1136, 0.06425999999999732
1137, 0.06200900000000331
1138, 0.06226999999999805
1139, 0.06021000000000498
1140, 0.061178999999995654
1141, 0.06106100000000225
1142, 0.06147800000000103
1143, 0.06121399999999966
1144, 0.06259899999999874
1145, 0.06455599999999606
1146, 0.062477000000001226
1147, 0.06345300000000265
1148, 0.06187500000000057
1149, 0.06185799999999375
1150, 0.06148199999999804
1151, 0.06372300000000308
1152, 0.062005999999996675
1153, 0.0621449999999939
1154, 0.06559900000000596
1155, 0.06463000000000108
1156, 0.0630869999999959
1157, 0.06218799999999902
1158, 0.06243599999999816
1159, 0.06404899999999714
1160, 0.06795499999999777
1161, 0.06711900000000526
1162, 0.0644670000000005
1163, 0.06641700000000128
1164, 0.06816699999999543
1165, 0.0686590000000038
1166, 0.06625300000000323
1167, 0.06599700000000297
1168, 0.06506000000000256
1169, 0.06807099999999622
1170, 0.07008799999999837
1171, 0.07053899999999658
1172, 0.0682339999999968
1173, 0.06864399999999904
1174, 0.0686940000000007
1175, 0.06985600000000147
1176, 0.06765099999999791
1177, 0.06484400000000079
1178, 0.06431400000000309
1179, 0.06506600000000162
1180, 0.06603199999999987
1181, 0.0676339999999982
1182, 0.06792599999999993
1183, 0.06758599999999859
1184, 0.06736699999999729
1185, 0.06658800000000298
1186, 0.06734300000000104
1187, 0.06575600000000037
1188, 0.06835399999999936
1189, 0.07008400000000137
1190, 0.06697400000000187
1191, 0.06726900000000313
1192, 0.06877900000000636
1193, 0.06698400000000504
1194, 0.06679099999999494
1195, 0.0742479999999972
1196, 0.06940199999999663
1197, 0.06898699999999991
1198, 0.06699400000000111
1199, 0.06741200000000447
1200, 0.06926099999999735
1201, 0.067541999999996
1202, 0.06854099999999619
1203, 0.06874100000000283
1204, 0.06928500000000071
1205, 0.06947999999999865
1206, 0.06963700000000017
1207, 0.07171699999999959
1208, 0.07296999999999798
1209, 0.0723599999999962
1210, 0.07205000000000439
1211, 0.07253399999999743
1212, 0.0721369999999979
1213, 0.07205700000000093
1214, 0.07163899999999757
1215, 0.07236400000000032
1216, 0.07601999999999975
1217, 0.07094899999999882
1218, 0.07087799999999334
1219, 0.06991399999999715
1220, 0.06990700000000061
1221, 0.06961600000000345
1222, 0.07240800000000291
1223, 0.06959799999999916
1224, 0.07041299999999495
1225, 0.06998999999999711
1226, 0.07092200000000304
1227, 0.07261300000000404
1228, 0.07203099999999552
1229, 0.07184699999999822
1230, 0.0703540000000018
1231, 0.0708709999999968
1232, 0.07279300000000433
1233, 0.07180699999999973
1234, 0.0725400000000036
1235, 0.07201599999999786
1236, 0.0715630000000047
1237, 0.0721810000000005
1238, 0.07296300000000144
1239, 0.07295100000000332
1240, 0.07194100000000248
1241, 0.07215200000000266
1242, 0.07194300000000453
1243, 0.07320899999999853
1244, 0.07276200000000443
1245, 0.07264099999999729
1246, 0.07252300000000389
1247, 0.07278199999999657
1248, 0.07449899999999587
1249, 0.0735430000000008
1250, 0.07366100000000131
1251, 0.07319100000000134
1252, 0.07358599999999882
1253, 0.07586700000000235
1254, 0.07379099999999994
1255, 0.07403300000000002
1256, 0.07381600000000077
1257, 0.0742219999999989
1258, 0.07734500000000111
1259, 0.07763299999999873
1260, 0.07508800000000093
1261, 0.07515000000000072
1262, 0.08085099999999557
1263, 0.07641399999999976
1264, 0.07505899999999599
1265, 0.07547999999999888
