1, 3.899999999999737e-05
2, 2.4999999999997247e-05
3, 2.6000000000005186e-05
4, 3.999999999999837e-05
5, 4.700000000000537e-05
6, 5.3999999999998494e-05
7, 5.7000000000001494e-05
8, 6.699999999999762e-05
9, 7.399999999999768e-05
10, 7.999999999999674e-05
11, 9.499999999999786e-05
12, 0.00010300000000000586
13, 0.00011099999999999999
14, 0.00011699999999999905
15, 0.00017300000000000648
16, 0.00013300000000000117
17, 0.0001419999999999963
18, 0.0001460000000000003
19, 0.00015700000000000436
20, 0.00016100000000000142
21, 0.0001789999999999986
22, 0.00016100000000000142
23, 0.00016900000000000248
24, 0.0001769999999999966
25, 0.0002139999999999989
26, 0.0001959999999999948
27, 0.00020499999999999685
28, 0.0002139999999999989
29, 0.00021799999999999597
30, 0.00021800000000000291
31, 0.00022700000000000498
32, 0.0002420000000000061
33, 0.0002570000000000003
34, 0.0002570000000000003
35, 0.0002669999999999964
36, 0.00027800000000000047
37, 0.0003249999999999989
38, 0.0002960000000000046
39, 0.00032000000000000084
40, 0.000343000000000003
41, 0.00038900000000000046
42, 0.0003769999999999954
43, 0.00035500000000000115
44, 0.00034
45, 0.000342000000000002
46, 0.00035700000000000315
47, 0.00037399999999999933
48, 0.00037500000000000033
49, 0.0003779999999999964
50, 0.00038799999999999946
51, 0.00040899999999999964
52, 0.0004060000000000036
53, 0.0004030000000000006
54, 0.0004139999999999977
55, 0.0004320000000000018
56, 0.0004920000000000063
57, 0.00043799999999999395
58, 0.0004660000000000081
59, 0.0004639999999999922
60, 0.0004569999999999991
61, 0.0004600000000000021
62, 0.0004670000000000091
63, 0.0004849999999999993
64, 0.0005070000000000074
65, 0.0006270000000000026
66, 0.0005539999999999989
67, 0.0006089999999999984
68, 0.0005450000000000038
69, 0.0005529999999999979
70, 0.0005470000000000058
71, 0.0005640000000000089
72, 0.0005649999999999961
73, 0.0005730000000000041
74, 0.0005850000000000022
75, 0.0007220000000000004
76, 0.0006979999999999903
77, 0.0006089999999999984
78, 0.0006110000000000004
79, 0.0008179999999999993
80, 0.0007199999999999984
81, 0.0007230000000000014
82, 0.0007279999999999925
83, 0.0008039999999999992
84, 0.000674999999999995
85, 0.0007370000000000015
86, 0.0006919999999999982
87, 0.0006970000000000032
88, 0.0006879999999999942
89, 0.0007260000000000044
90, 0.0008060000000000012
91, 0.0009229999999999933
92, 0.000794000000000003
93, 0.0008440000000000114
94, 0.0007810000000000039
95, 0.000789999999999999
96, 0.0007939999999999892
97, 0.0008679999999999938
98, 0.0008009999999999962
99, 0.0008129999999999943
100, 0.0008149999999999963
101, 0.0008250000000000063
102, 0.0008229999999999904
103, 0.0009150000000000269
104, 0.0008289999999999964
105, 0.0008400000000000074
106, 0.0009709999999999996
107, 0.0008650000000000047
108, 0.0010010000000000019
109, 0.0009120000000000239
110, 0.0009359999999999924
111, 0.0009480000000000044
112, 0.0009270000000000111
113, 0.0009969999999999979
114, 0.0009709999999999996
115, 0.0009579999999999866
116, 0.0009619999999999906
117, 0.0009830000000000116
118, 0.0009679999999999966
119, 0.0009829999999999839
120, 0.0011030000000000206
121, 0.0013279999999999959
122, 0.0010170000000000179
123, 0.0012320000000000109
124, 0.0010339999999999794
125, 0.0010350000000000081
126, 0.0010220000000000229
127, 0.0010479999999999934
128, 0.0011120000000000019
129, 0.0011680000000000024
130, 0.0011150000000000049
131, 0.0011249999999999871
132, 0.0012089999999999879
133, 0.0011489999999999834
134, 0.0011480000000000101
135, 0.0011479999999999824
136, 0.0012570000000000081
137, 0.0013440000000000119
138, 0.0013450000000000129
139, 0.0013340000000000019
140, 0.0012729999999999964
141, 0.001366000000000006
142, 0.0013189999999999868
143, 0.001341999999999982
144, 0.0012740000000000251
145, 0.0012370000000000159
146, 0.0012390000000000179
147, 0.0012729999999999964
148, 0.0012659999999999894
149, 0.0012840000000000074
150, 0.0014470000000000038
151, 0.0013200000000000156
152, 0.0013150000000000106
153, 0.0013759999999999883
154, 0.001365000000000005
155, 0.001363000000000003
156, 0.0013929999999999776
157, 0.001446999999999976
158, 0.0015270000000000006
159, 0.001475000000000004
160, 0.0015530000000000266
161, 0.001389000000000029
162, 0.0014290000000000136
163, 0.001556999999999975
164, 0.0014059999999999628
165, 0.00148100000000001
166, 0.00149100000000002
167, 0.0014499999999999513
168, 0.0014559999999999573
169, 0.00170300000000001
170, 0.0014789999999999526
171, 0.001473000000000002
172, 0.0015999999999999903
173, 0.0014939999999999953
174, 0.001670999999999978
175, 0.0017260000000000053
176, 0.001554999999999973
177, 0.0015160000000000173
178, 0.0017039999999999833
179, 0.0015650000000000386
180, 0.0022540000000000338
181, 0.0016490000000000116
182, 0.0016939999999999733
183, 0.0017859999999999543
184, 0.0016410000000000036
185, 0.0016820000000000168
186, 0.0018859999999999988
187, 0.0016720000000000068
188, 0.0017659999999999898
189, 0.002134999999999998
190, 0.0019389999999999685
191, 0.001737000000000044
192, 0.0018109999999999515
193, 0.0017300000000000093
194, 0.0018900000000000028
195, 0.0017660000000000453
196, 0.0022739999999999982
197, 0.0018460000000000143
198, 0.0019099999999999673
199, 0.0023050000000000015
200, 0.0018000000000000238
201, 0.00238900000000003
202, 0.0018429999999999835
203, 0.0022609999999999575
204, 0.002240999999999993
205, 0.0019030000000000435
206, 0.001998999999999973
207, 0.0025290000000000035
208, 0.0018580000000000263
209, 0.0023239999999999927
210, 0.0022709999999999675
211, 0.001921000000000006
212, 0.0029290000000000704
213, 0.0022320000000000118
214, 0.002031000000000005
215, 0.0023999999999999577
216, 0.0019540000000000113
217, 0.0025660000000000682
218, 0.0021970000000000045
219, 0.0022259999999999502
220, 0.0024770000000000625
221, 0.00208699999999995
222, 0.002022999999999997
223, 0.0020010000000000305
224, 0.002506999999999926
225, 0.0020369999999999555
226, 0.002170999999999923
227, 0.0022440000000000238
228, 0.0027559999999999807
229, 0.0021519999999999317
230, 0.002107000000000081
231, 0.0024959999999999427
232, 0.0020850000000000035
233, 0.0021259999999999613
234, 0.0021559999999999357
235, 0.002674999999999983
236, 0.00214700000000001
237, 0.002198999999999951
238, 0.003159000000000023
239, 0.0023699999999999832
240, 0.0024960000000000537
241, 0.002483000000000013
242, 0.0024939999999999962
243, 0.002635000000000054
244, 0.0025500000000000522
245, 0.0023879999999999457
246, 0.002423000000000064
247, 0.0024700000000000832
248, 0.002346999999999988
249, 0.002638000000000029
250, 0.002557999999999949
251, 0.002267000000000019
252, 0.002573999999999965
253, 0.0024399999999999977
254, 0.002411000000000052
255, 0.00275000000000003
256, 0.002866999999999953
257, 0.002731000000000039
258, 0.00259100000000001
259, 0.0027079999999999327
260, 0.0026410000000000045
261, 0.0026200000000000667
262, 0.002650999999999959
263, 0.0028000000000000247
264, 0.002817999999999987
265, 0.003041999999999989
266, 0.0030850000000000044
267, 0.003074999999999939
268, 0.003149999999999986
269, 0.00336599999999998
270, 0.0031320000000000237
271, 0.002815000000000012
272, 0.003130999999999995
273, 0.0026690000000000325
274, 0.002738000000000018
275, 0.0031680000000000597
276, 0.0027809999999999224
277, 0.0027490000000000014
278, 0.0027890000000000414
279, 0.0030719999999999636
280, 0.0027479999999999727
281, 0.002782000000000062
282, 0.0028439999999999577
283, 0.003185999999999911
284, 0.002978999999999954
285, 0.003011000000000097
286, 0.0032490000000000574
287, 0.0034319999999998796
288, 0.003322000000000047
289, 0.0032679999999998266
290, 0.0035089999999999844
291, 0.003006999999999982
292, 0.002925999999999984
293, 0.0029559999999999587
294, 0.0029289999999999594
295, 0.002809999999999979
296, 0.0029030000000001
297, 0.003031000000000006
298, 0.002847000000000044
299, 0.002893999999999952
300, 0.002886000000000166
301, 0.0030920000000000947
302, 0.0030250000000000554
303, 0.002858000000000027
304, 0.0030330000000000634
305, 0.0030560000000001697
306, 0.003326999999999858
307, 0.0033890000000000864
308, 0.0033239999999998826
309, 0.003002999999999867
310, 0.003047000000000022
311, 0.003246000000000082
312, 0.003201999999999927
313, 0.0031879999999999686
314, 0.003414999999999946
315, 0.0034289999999999043
316, 0.003063000000000038
317, 0.0030680000000000707
318, 0.003011000000000097
319, 0.003097999999999823
320, 0.0032400000000001317
321, 0.00320699999999996
322, 0.0032090000000000174
323, 0.0032130000000001324
324, 0.0032959999999999656
325, 0.0030600000000000627
326, 0.0030999999999998806
327, 0.003273999999999999
328, 0.0033760000000000456
329, 0.003306000000000031
330, 0.003282000000000007
331, 0.003310999999999842
332, 0.0034929999999999684
333, 0.003342999999999874
334, 0.0032360000000000166
335, 0.003209999999999935
336, 0.003705999999999987
337, 0.00332700000000008
338, 0.003846000000000016
339, 0.0035039999999999516
340, 0.003759000000000068
341, 0.0035250000000000004
342, 0.0035909999999999
343, 0.003730000000000011
344, 0.0034929999999999684
345, 0.003542999999999852
346, 0.004360999999999837
347, 0.0036850000000001604
348, 0.0038850000000001383
349, 0.0037249999999999783
350, 0.004010999999999987
351, 0.0038449999999998763
352, 0.003619000000000039
353, 0.003502000000000116
354, 0.0035130000000000994
355, 0.004170000000000007
356, 0.004053000000000084
357, 0.003992999999999913
358, 0.00363099999999994
359, 0.0038009999999999433
360, 0.0037929999999999353
361, 0.004005000000000036
362, 0.003898000000000179
363, 0.003654000000000046
364, 0.003707000000000127
365, 0.0041439999999999255
366, 0.003614000000000006
367, 0.0038039999999999186
368, 0.0038090000000001734
369, 0.003738000000000019
370, 0.004279000000000144
371, 0.003969000000000111
372, 0.0038650000000000073
373, 0.0038320000000000576
374, 0.003862000000000032
375, 0.003922999999999899
376, 0.0038359999999999506
377, 0.004068999999999878
378, 0.0042120000000001045
379, 0.003937999999999997
380, 0.00402900000000006
381, 0.004109999999999836
382, 0.0043280000000001095
383, 0.004236999999999824
384, 0.004102999999999746
385, 0.0043359999999998955
386, 0.004355000000000331
387, 0.004173000000000204
388, 0.004516999999999882
389, 0.0045560000000000045
390, 0.004682000000000297
391, 0.004186999999999941
392, 0.004058999999999813
393, 0.0045740000000003
394, 0.005094000000000154
395, 0.004249999999999865
396, 0.003940000000000055
397, 0.004388999999999754
398, 0.004222999999999644
399, 0.0040919999999999845
400, 0.006871999999999989
401, 0.004604999999999748
402, 0.004570999999999881
403, 0.0047520000000003115
404, 0.0046479999999999855
405, 0.005468000000000028
406, 0.0049480000000001745
407, 0.0046640000000000015
408, 0.004640999999999895
409, 0.00442100000000023
410, 0.004437999999999942
411, 0.004511999999999627
412, 0.004545000000000243
413, 0.0047680000000003275
414, 0.004789000000000154
415, 0.004653999999999936
416, 0.004623999999999739
417, 0.0045799999999998064
418, 0.004837000000000202
419, 0.004890999999999757
420, 0.004748999999999892
421, 0.004836999999999758
422, 0.0049160000000001425
423, 0.004437000000000246
424, 0.004284999999999872
425, 0.004293000000000102
426, 0.004432999999999687
427, 0.004541000000000128
428, 0.004306999999999839
429, 0.004345000000000265
430, 0.0049160000000001425
431, 0.00472600000000023
432, 0.004999999999999893
433, 0.005011999999999794
434, 0.004972999999999672
435, 0.004837999999999898
436, 0.0044679999999996944
437, 0.004516999999999882
438, 0.0042680000000001606
439, 0.004440999999999917
440, 0.004990000000000272
441, 0.004381999999999664
442, 0.004276999999999642
443, 0.004558000000000284
444, 0.0042520000000001446
445, 0.004502000000000006
446, 0.004655999999999771
447, 0.0044720000000002536
448, 0.004421999999999926
449, 0.004352999999999607
450, 0.004389000000000198
451, 0.0046159999999999535
452, 0.004577999999999971
453, 0.004574999999999996
454, 0.004589000000000176
455, 0.004457000000000377
456, 0.004426999999999737
457, 0.0045000000000001705
458, 0.004666999999999977
459, 0.004672999999999927
460, 0.004437999999999942
461, 0.0044599999999999085
462, 0.004694999999999894
463, 0.004619999999999624
464, 0.004818999999999907
465, 0.004496999999999751
466, 0.004623000000000044
467, 0.0045440000000001035
468, 0.0045760000000001355
469, 0.00457300000000016
470, 0.004577999999999971
471, 0.0048560000000001935
472, 0.004693999999999754
473, 0.004671000000000092
474, 0.004820999999999742
475, 0.0045800000000002505
476, 0.004732999999999876
477, 0.004774999999999974
478, 0.004827999999999832
479, 0.0047239999999999505
480, 0.005072999999999883
481, 0.0049000000000001265
482, 0.004704999999999959
483, 0.005157000000000078
484, 0.005063000000000262
485, 0.004757000000000122
486, 0.005114000000000285
487, 0.005148999999999848
488, 0.005686999999999998
489, 0.005212999999999912
490, 0.005135000000000112
491, 0.004995000000000083
492, 0.004777999999999949
493, 0.005025999999999975
494, 0.004960999999999771
495, 0.004939000000000249
496, 0.00487599999999988
497, 0.005085000000000228
498, 0.005473999999999979
499, 0.0049600000000000755
500, 0.0050240000000001395
501, 0.004982000000000042
502, 0.005044999999999966
503, 0.005046999999999802
504, 0.004986999999999853
505, 0.004926999999999904
506, 0.004898999999999987
507, 0.0049559999999999604
508, 0.005022000000000304
509, 0.004917000000000726
510, 0.005043000000000575
511, 0.005285999999999902
512, 0.00558300000000056
513, 0.005475999999999814
514, 0.005539999999999878
515, 0.0059629999999994965
516, 0.005819999999999936
517, 0.005605999999999334
518, 0.005654000000000714
519, 0.005579000000000001
520, 0.005664000000000335
521, 0.005647999999999875
522, 0.005808999999999287
523, 0.005606000000000222
524, 0.005660999999999916
525, 0.005888999999999811
526, 0.005605000000000082
527, 0.005608999999999753
528, 0.005727999999999511
529, 0.0058869999999995315
530, 0.005616999999999983
531, 0.005816999999999517
532, 0.005836999999999648
533, 0.005830000000000446
534, 0.005676000000000236
535, 0.0057109999999998
536, 0.005711999999999939
537, 0.005695000000000228
538, 0.005694000000000088
539, 0.006262000000000434
540, 0.006221000000000032
541, 0.00634900000000016
542, 0.005945000000000533
543, 0.005959999999999965
544, 0.0062709999999999155
545, 0.006514000000000131
546, 0.006889000000000145
547, 0.006625999999999799
548, 0.007153999999999883
549, 0.006705000000000183
550, 0.006993000000000471
551, 0.006533000000000122
552, 0.007396000000000846
553, 0.006470000000000198
554, 0.006577000000000055
555, 0.006281999999999677
556, 0.006630000000000358
557, 0.0062949999999997175
558, 0.006308999999999898
559, 0.0061429999999997875
560, 0.0068630000000000635
561, 0.006145000000000067
562, 0.006561999999999735
563, 0.007078000000000806
564, 0.006893999999999956
565, 0.006901000000000046
566, 0.007139999999999702
567, 0.006572000000000244
568, 0.006866000000000483
569, 0.006552000000000113
570, 0.0069549999999996
571, 0.006363999999999592
572, 0.0068630000000000635
573, 0.006344999999999601
574, 0.006791999999999909
575, 0.006681000000000381
576, 0.006772999999999918
577, 0.006922000000000317
578, 0.00693399999999933
579, 0.007969999999999366
580, 0.007520999999999667
581, 0.006858999999999504
582, 0.007585000000000619
583, 0.006751000000000396
584, 0.006560000000000343
585, 0.006996000000000002
586, 0.007098000000000049
587, 0.007298000000000471
588, 0.007204999999999906
589, 0.006885999999999726
590, 0.006978000000000151
591, 0.0073539999999994166
592, 0.0077230000000003685
593, 0.007057999999999787
594, 0.0069890000000008
595, 0.007094999999999629
596, 0.0065949999999999065
597, 0.007164999999999644
598, 0.007102999999999859
599, 0.007553999999999839
600, 0.007156000000000162
601, 0.0065869999999996764
602, 0.007041000000000075
603, 0.00681400000000032
604, 0.007078000000000806
605, 0.006742000000000026
606, 0.0064349999999997465
607, 0.007106000000000279
608, 0.006916999999999618
609, 0.00651000000000046
610, 0.0070750000000003865
611, 0.006624000000000407
612, 0.006423999999999985
613, 0.007055999999999507
614, 0.006586000000000425
615, 0.00678899999999949
616, 0.0068710000000002935
617, 0.0069390000000000285
618, 0.006634000000000029
619, 0.006565000000000154
620, 0.006473999999999869
621, 0.006566999999999545
622, 0.00681300000000018
623, 0.006765999999999828
624, 0.006628000000000078
625, 0.006732999999999656
626, 0.00679699999999972
627, 0.006706999999999574
628, 0.007188000000000194
629, 0.0067110000000001335
630, 0.007472000000000811
631, 0.006910000000000416
632, 0.006696000000000701
633, 0.00680399999999981
634, 0.007125999999999522
635, 0.007468000000000252
636, 0.007520999999999667
637, 0.007318999999999853
638, 0.007683999999999358
639, 0.007317999999999714
640, 0.008276999999999646
641, 0.007310999999999623
642, 0.007623999999999853
643, 0.00772399999999962
644, 0.007760000000000211
645, 0.008178000000000019
646, 0.007616000000000511
647, 0.007018000000000413
648, 0.007112999999999481
649, 0.00697400000000048
650, 0.007538000000000267
651, 0.0071750000000001535
652, 0.0072510000000001185
653, 0.007185999999999915
654, 0.00730000000000075
655, 0.007051999999999836
656, 0.007824999999999527
657, 0.007645000000000124
658, 0.0076910000000003365
659, 0.007849000000000217
660, 0.00786299999999951
661, 0.007978999999999736
662, 0.0077259999999999
663, 0.0077219999999993405
664, 0.007769999999998944
665, 0.008105999999999725
666, 0.0077630000000006305
667, 0.007098000000000937
668, 0.007001000000000701
669, 0.007648999999998907
670, 0.007350999999999885
671, 0.007528999999999897
672, 0.008081999999999923
673, 0.008784999999999599
674, 0.008174000000000348
675, 0.00819800000000015
676, 0.008142000000001204
677, 0.008003999999999678
678, 0.007625000000000881
679, 0.007315999999999434
680, 0.007272999999999641
681, 0.007393999999999679
682, 0.007276000000000948
683, 0.007656000000000773
684, 0.007749999999999702
685, 0.00763100000000172
686, 0.0074779999999989855
687, 0.00742900000000013
688, 0.007678999999999547
689, 0.00728600000000057
690, 0.0077750000000005315
691, 0.007397000000000986
692, 0.0073150000000001825
693, 0.007644000000000872
694, 0.007479999999999265
695, 0.007410000000000139
696, 0.007423000000001068
697, 0.007483999999999824
698, 0.007502999999999815
699, 0.007744999999999891
700, 0.007518999999998499
701, 0.007448000000000121
702, 0.007492999999998418
703, 0.007592999999999961
704, 0.00738799999999884
705, 0.007539000000001295
706, 0.00760400000000061
707, 0.0075699999999994105
708, 0.007576000000000249
709, 0.007676999999999268
710, 0.008100999999999914
711, 0.007619000000000042
712, 0.007690000000000197
713, 0.0075990000000007996
714, 0.007651000000000963
715, 0.007989000000000246
716, 0.007777999999998286
717, 0.008154000000001105
718, 0.007744999999999891
719, 0.008157000000000636
720, 0.00788999999999973
721, 0.007830999999999477
722, 0.008763000000000076
723, 0.007970999999999506
724, 0.007860000000000866
725, 0.007832999999999757
726, 0.007695000000000007
727, 0.007932999999999524
728, 0.008110000000000284
729, 0.00788999999999973
730, 0.008310999999999069
731, 0.007709000000000188
732, 0.008288000000000295
733, 0.008327000000001306
734, 0.008877000000000024
735, 0.008297999999999917
736, 0.007982999999999407
737, 0.00786699999999918
738, 0.008012000000000796
739, 0.008120999999999157
740, 0.007732000000000738
741, 0.007856000000000307
742, 0.008734999999999715
743, 0.00881799999999977
744, 0.009088999999999459
745, 0.008874000000000493
746, 0.008945999999999898
747, 0.008945000000000647
748, 0.008420000000000982
749, 0.008518999999999721
750, 0.00879899999999978
751, 0.009152999999999523
752, 0.008851999999999194
753, 0.009475000000000122
754, 0.008537000000000461
755, 0.008180999999998662
756, 0.008397000000000432
757, 0.008549999999999613
758, 0.008454000000000406
759, 0.00832799999999878
760, 0.00865399999999994
761, 0.00870000000000104
762, 0.009332999999999814
763, 0.009055999999999287
764, 0.009380999999999418
765, 0.008945999999999898
766, 0.009638000000000702
767, 0.00970899999999908
768, 0.009647000000001071
769, 0.009924999999999073
770, 0.010233000000001269
771, 0.009611999999998844
772, 0.009520000000000195
773, 0.01047399999999854
774, 0.009854999999999947
775, 0.009589999999999321
776, 0.0092920000000003
777, 0.00975000000000037
778, 0.009800000000000253
779, 0.010138000000001313
780, 0.009193999999999036
781, 0.00989599999999946
782, 0.009795000000000442
783, 0.00947400000000087
784, 0.0096260000000008
785, 0.009761000000001019
786, 0.010286999999999935
787, 0.009816999999999965
788, 0.009985999999999606
789, 0.009676000000000684
790, 0.00940499999999922
791, 0.0099020000000003
792, 0.00926699999999947
793, 0.009230000000000516
794, 0.010050999999998922
795, 0.00927100000000003
796, 0.009875000000000966
797, 0.009288999999998993
798, 0.009099000000000856
799, 0.010263000000000133
800, 0.010476999999999848
801, 0.010111000000000203
802, 0.009496000000000393
803, 0.009470000000000312
804, 0.009428999999999021
805, 0.009686999999999557
806, 0.009952000000000183
807, 0.009935999999999723
808, 0.008907999999999916
809, 0.00910999999999973
810, 0.009548999999999808
811, 0.009094000000001046
812, 0.009375999999999607
813, 0.0091190000000001
814, 0.009538000000000935
815, 0.008905999999999636
816, 0.010101000000000582
817, 0.009418000000000148
818, 0.00913300000000028
819, 0.00922999999999874
820, 0.009996000000001004
821, 0.00957099999999933
822, 0.00911499999999954
823, 0.009131
824, 0.009251000000000786
825, 0.008893000000000484
826, 0.00910599999999917
827, 0.009885000000000588
828, 0.010050000000001447
829, 0.009046999999998917
830, 0.009413000000000338
831, 0.009043000000000134
832, 0.009058999999998818
833, 0.009349000000000274
834, 0.009638000000000702
835, 0.009202999999999406
836, 0.009492999999999086
837, 0.009335999999999345
838, 0.009138999999999342
839, 0.009527000000000285
840, 0.009406999999999499
841, 0.00990900000000039
842, 0.009507000000001042
843, 0.009580999999998951
844, 0.009297999999999362
845, 0.01065999999999967
846, 0.009759999999999991
847, 0.009921999999999542
848, 0.009498000000000673
849, 0.01053100000000029
850, 0.009736000000000189
851, 0.009610999999999592
852, 0.00941699999999912
853, 0.009747000000000838
854, 0.009560999999999709
855, 0.009613999999999123
856, 0.009866999999999848
857, 0.009734999999999161
858, 0.00936500000000251
859, 0.00933300000000159
860, 0.009288999999998993
861, 0.009447000000001538
862, 0.00989500000000021
863, 0.010108000000002448
864, 0.009830999999998369
865, 0.009852999999999668
866, 0.009409000000001555
867, 0.009985000000000355
868, 0.010007999999999129
869, 0.010923000000001792
870, 0.00965100000000163
871, 0.011073999999997142
872, 0.010376000000000829
873, 0.009956000000002518
874, 0.009897000000002265
875, 0.009623999999998745
876, 0.010078000000000031
877, 0.009906999999998334
878, 0.009841999999999018
879, 0.00966900000000237
880, 0.011195999999998207
881, 0.009737000000001217
882, 0.009679000000001992
883, 0.010691999999998814
884, 0.010627999999996973
885, 0.010712999999999084
886, 0.010539000000001408
887, 0.010991999999998114
888, 0.010798000000001196
889, 0.010277999999999565
890, 0.010705999999998994
891, 0.010591000000001571
892, 0.010388999999999982
893, 0.009790999999999883
894, 0.010514999999998054
895, 0.01115300000000019
896, 0.010985000000001577
897, 0.011687999999999477
898, 0.01106799999999808
899, 0.01101200000000091
900, 0.01208300000000051
901, 0.011976999999998128
902, 0.01200799999999802
903, 0.010690999999997786
904, 0.01088500000000181
905, 0.01075699999999813
906, 0.011368000000000933
907, 0.010537999999996828
908, 0.01096199999999925
909, 0.011860999999999677
910, 0.010808000000000817
911, 0.010441000000000145
912, 0.011311000000002736
913, 0.01150400000000218
914, 0.01191000000000031
915, 0.011245999999999867
916, 0.011389999999998679
917, 0.010863000000000511
918, 0.011186999999999614
919, 0.011555000000001314
920, 0.0111460000000001
921, 0.011738000000001136
922, 0.011181000000000552
923, 0.011250000000000426
924, 0.011713000000000306
925, 0.011138000000002535
926, 0.011753000000002345
927, 0.01239400000000046
928, 0.011842999999998938
929, 0.012121999999997968
930, 0.012352999999997394
931, 0.01172899999999899
932, 0.011699000000000126
933, 0.01192400000000049
934, 0.012312000000001433
935, 0.011528000000001981
936, 0.010781999999998959
937, 0.01078499999999849
938, 0.011350000000000193
939, 0.01090300000000255
940, 0.011413999999998481
941, 0.011569000000001495
942, 0.011537000000000575
943, 0.010902999999998997
944, 0.011167999999997846
945, 0.011403000000001384
946, 0.01116400000000084
947, 0.011541000000001134
948, 0.011043000000000802
949, 0.011872000000000327
950, 0.011389999999998679
951, 0.011480999999999852
952, 0.010539000000001408
953, 0.012033000000002403
954, 0.012243000000001558
955, 0.012567000000000661
956, 0.011876000000000886
957, 0.010984999999998024
958, 0.01209400000000116
959, 0.010995999999998674
960, 0.010803999999996705
961, 0.010967000000000837
962, 0.010544999999996918
963, 0.011254000000000985
964, 0.011319000000000301
965, 0.010808000000000817
966, 0.011478000000000321
967, 0.0106970000000004
968, 0.011212999999997919
969, 0.011147000000001128
970, 0.011126999999998333
971, 0.012142999999998239
972, 0.01123399999999819
973, 0.010881999999998726
974, 0.0120900000000006
975, 0.010753000000001123
976, 0.011190000000002698
977, 0.011122000000000298
978, 0.011047000000001361
979, 0.011141000000002066
980, 0.011935999999998614
981, 0.012902999999997888
982, 0.01205099999999959
983, 0.012298000000001252
984, 0.01158799999999971
985, 0.01178600000000074
986, 0.012122999999998996
987, 0.012288999999999106
988, 0.012420999999999793
989, 0.011803999999997927
990, 0.01173299999999955
991, 0.012869999999999493
992, 0.01218899999999934
993, 0.012195000000001954
994, 0.011275999999998731
995, 0.010825999999998004
996, 0.011164999999998315
997, 0.011030999999999125
998, 0.01142499999999913
999, 0.013183000000001499
1000, 0.01351699999999667
1001, 0.011649000000002019
1002, 0.011436999999997255
1003, 0.012349000000000387
1004, 0.011767000000002525
1005, 0.01379400000000075
1006, 0.012726000000000681
1007, 0.012280000000000513
1008, 0.013463000000001557
1009, 0.012447999999999126
1010, 0.012720999999999094
1011, 0.012972999999998791
1012, 0.011863000000001733
1013, 0.01240100000000055
1014, 0.011725999999999459
1015, 0.012761000000001133
1016, 0.012457000000001273
1017, 0.012464000000001363
1018, 0.012577000000000282
1019, 0.012000000000000455
1020, 0.012627999999999417
1021, 0.01207199999999986
1022, 0.01361699999999999
1023, 0.01241900000000129
1024, 0.015007999999998134
1025, 0.015045000000000641
1026, 0.014924999999998079
1027, 0.014127999999999474
1028, 0.01399499999999776
1029, 0.015228999999997939
1030, 0.01484400000000008
1031, 0.015052000000000731
1032, 0.014313000000001352
1033, 0.014597999999999445
1034, 0.014547999999997785
1035, 0.01473800000000125
1036, 0.014939999999999287
1037, 0.014623000000000275
1038, 0.014520000000000977
1039, 0.013980000000000103
1040, 0.014582000000000761
1041, 0.015615000000000379
1042, 0.01523700000000261
1043, 0.014776000000001233
1044, 0.014200999999999908
1045, 0.01375099999999918
1046, 0.01402100000000317
1047, 0.013455000000000439
1048, 0.013964999999998895
1049, 0.014522999999996955
1050, 0.013731999999997413
1051, 0.014077999999997814
1052, 0.013901000000000607
1053, 0.0134149999999984
1054, 0.013680000000000803
1055, 0.013977999999998048
1056, 0.01407299999999978
1057, 0.014348999999999279
1058, 0.01403399999999877
1059, 0.013964999999998895
1060, 0.01423899999999989
1061, 0.014417000000001678
1062, 0.014134999999999565
1063, 0.014594000000002438
1064, 0.014278999999998376
1065, 0.01424300000000045
1066, 0.014215000000000089
1067, 0.014620000000000744
1068, 0.014616000000000184
1069, 0.014956999999998999
1070, 0.014503000000001265
1071, 0.014319000000000415
1072, 0.013916000000001816
1073, 0.014230999999998772
1074, 0.014287000000003047
1075, 0.01469499999999968
1076, 0.014907999999998367
1077, 0.014295000000000613
1078, 0.013868000000002212
1079, 0.01393900000000059
1080, 0.014101000000000141
1081, 0.014396000000001408
1082, 0.014470999999996792
1083, 0.015140999999999849
1084, 0.014444000000001012
1085, 0.014465000000001282
1086, 0.01467399999999941
1087, 0.014824999999998312
1088, 0.014340000000000686
1089, 0.014424999999999244
1090, 0.014222000000000179
1091, 0.01497099999999918
1092, 0.014537000000000688
1093, 0.014618999999999716
1094, 0.014161000000001422
1095, 0.015661999999998955
1096, 0.014092000000001548
1097, 0.014649999999999608
1098, 0.014378000000000668
1099, 0.014326000000000505
1100, 0.015526000000001261
1101, 0.015146000000001436
1102, 0.01487900000000053
1103, 0.014398999999997386
1104, 0.014299999999998647
1105, 0.014072999999996227
1106, 0.014412000000000091
1107, 0.014136999999998068
1108, 0.013958999999999833
1109, 0.015464000000001477
1110, 0.014590000000005432
1111, 0.014341000000001713
1112, 0.014621999999995694
1113, 0.015302000000005478
1114, 0.01463799999999793
1115, 0.014741999999998256
1116, 0.014822999999999809
1117, 0.014876000000001
1118, 0.014572999999998615
1119, 0.014490999999999588
1120, 0.014356999999996845
1121, 0.015243999999995594
1122, 0.015591000000000577
1123, 0.015478999999999132
1124, 0.014602000000003557
1125, 0.015747999999994988
1126, 0.015532000000000323
1127, 0.014322999999997421
1128, 0.01543399999999906
1129, 0.014416000000004203
1130, 0.015264999999999418
1131, 0.015374999999998806
1132, 0.01553400000000238
1133, 0.015021000000004392
1134, 0.01445799999999764
1135, 0.015107000000000426
1136, 0.015147999999996387
1137, 0.015136999999995737
1138, 0.015050999999999704
1139, 0.016035000000002242
1140, 0.01708099999999746
1141, 0.014609000000000094
1142, 0.01487900000000053
1143, 0.015105000000005475
1144, 0.014755000000000962
1145, 0.01492900000000219
1146, 0.014935000000001253
1147, 0.015672999999999604
1148, 0.015312000000001547
1149, 0.014881000000002587
1150, 0.015216000000002339
1151, 0.014743000000002837
1152, 0.01490100000000183
1153, 0.015613000000001875
1154, 0.014854999999997176
1155, 0.015868000000004656
1156, 0.0154980000000009
1157, 0.014809999999997103
1158, 0.015230999999999995
1159, 0.014734999999994614
1160, 0.01574200000000303
1161, 0.015909999999998092
1162, 0.015432000000004109
1163, 0.015444000000002234
1164, 0.01608399999999932
1165, 0.017781999999996856
1166, 0.016100999999999033
1167, 0.01539499999999805
1168, 0.015895000000000437
1169, 0.016208000000005995
1170, 0.01622399999999402
1171, 0.016656999999995037
1172, 0.016077000000002784
1173, 0.015968999999998346
1174, 0.01663400000000337
1175, 0.01657300000000106
1176, 0.016257000000003075
1177, 0.015594000000000108
1178, 0.014995000000006087
1179, 0.016077000000002784
1180, 0.01623199999999514
1181, 0.016244999999997844
1182, 0.016131999999998925
1183, 0.01638499999999965
1184, 0.01684399999999897
1185, 0.015948999999999103
1186, 0.015160999999999092
1187, 0.015948000000001628
1188, 0.015239999999998588
1189, 0.015717999999999677
1190, 0.01583699999999766
1191, 0.016620000000003188
1192, 0.01564199999999971
1193, 0.015630999999999062
1194, 0.015582999999999458
1195, 0.016581000000002177
1196, 0.016930999999999585
1197, 0.016526000000006036
1198, 0.01581600000000094
1199, 0.015855999999999426
1200, 0.015756000000003212
1201, 0.016453000000005602
1202, 0.015715000000000146
1203, 0.015793000000002166
1204, 0.01618100000000311
1205, 0.015986999999995533
1206, 0.016784999999998718
1207, 0.016063999999992973
1208, 0.01615300000000275
1209, 0.016016000000000474
1210, 0.01607800000000026
1211, 0.015644000000001768
1212, 0.017148999999996306
1213, 0.01603299999999308
1214, 0.01625800000000055
1215, 0.017158000000002005
1216, 0.016697000000000628
1217, 0.01665299999999803
1218, 0.01583000000000112
1219, 0.015448999999996715
1220, 0.015518999999997618
1221, 0.015546000000000504
1222, 0.015325999999994622
1223, 0.015493999999996788
1224, 0.0161549999999977
1225, 0.01583999999999719
1226, 0.015857000000004007
1227, 0.015785999999998523
1228, 0.016016000000000474
1229, 0.016528000000000986
1230, 0.015970000000002926
1231, 0.01610400000000567
1232, 0.016191999999996654
1233, 0.016036999999997192
1234, 0.0157170000000022
1235, 0.0159800000000061
1236, 0.01597900000000152
1237, 0.016098999999996977
1238, 0.017375999999998726
1239, 0.016531000000000518
1240, 0.015857000000004007
1241, 0.01699299999999937
1242, 0.016021999999999537
1243, 0.01726399999999728
1244, 0.01631100000000174
1245, 0.016669999999997742
1246, 0.01603099999999813
1247, 0.016617999999994026
1248, 0.015804000000002816
1249, 0.015864000000000544
1250, 0.01695999999999742
1251, 0.016526999999996406
1252, 0.016268999999994094
