1, 3.9999999999970615e-06
2, 3.0000000000030003e-06
3, 3.0000000000030003e-06
4, 3.9999999999970615e-06
5, 4.9999999999980616e-06
6, 5.999999999999062e-06
7, 7.000000000000062e-06
8, 8.000000000001062e-06
9, 9.000000000002062e-06
10, 9.999999999996123e-06
11, 1.0999999999997123e-05
12, 1.1999999999998123e-05
13, 1.2999999999999123e-05
14, 1.5000000000001124e-05
15, 1.6999999999996185e-05
16, 1.8999999999998185e-05
17, 1.9999999999999185e-05
18, 2.1000000000000185e-05
19, 2.4000000000003185e-05
20, 2.5999999999998247e-05
21, 2.8000000000000247e-05
22, 2.9000000000001247e-05
23, 3.200000000000425e-05
24, 3.399999999999931e-05
25, 3.700000000000231e-05
26, 3.899999999999737e-05
27, 4.099999999999937e-05
28, 4.300000000000137e-05
29, 4.599999999999743e-05
30, 4.999999999999449e-05
31, 5.200000000000343e-05
32, 5.3999999999998494e-05
33, 5.7000000000001494e-05
34, 6.0000000000004494e-05
35, 6.199999999999956e-05
36, 6.500000000000256e-05
37, 6.899999999999962e-05
38, 0.00010399999999999993
39, 7.499999999999868e-05
40, 7.800000000000168e-05
41, 8.000000000000368e-05
42, 8.400000000000074e-05
43, 8.69999999999968e-05
44, 9.099999999999386e-05
45, 9.599999999999886e-05
46, 9.800000000000086e-05
47, 0.00010199999999999793
48, 0.00012099999999999611
49, 0.00014999999999999736
50, 0.00011399999999999605
51, 0.00012000000000000205
52, 0.00012300000000000505
53, 0.0001270000000000021
54, 0.00013099999999999917
55, 0.00013599999999999723
56, 0.00014200000000000323
57, 0.0001449999999999993
58, 0.00014999999999999736
59, 0.00015400000000000136
60, 0.00015899999999999248
61, 0.00016300000000001036
62, 0.0002440000000000081
63, 0.0001749999999999946
64, 0.0001789999999999986
65, 0.0001830000000000026
66, 0.0001900000000000096
67, 0.00019500000000000073
68, 0.00020000000000000573
69, 0.00020600000000001173
70, 0.00025099999999998734
71, 0.00021699999999999497
72, 0.00022300000000000098
73, 0.0002279999999999921
74, 0.0002329999999999971
75, 0.0002410000000000051
76, 0.0002449999999999952
77, 0.0002520000000000022
78, 0.0002590000000000092
79, 0.00026400000000000035
80, 0.00027000000000000635
81, 0.00027499999999999747
82, 0.00028400000000000647
83, 0.0002889999999999976
84, 0.0002960000000000046
85, 0.0003510000000000041
86, 0.0004630000000000051
87, 0.00033800000000000496
88, 0.0003620000000000012
89, 0.0004120000000000096
90, 0.00033800000000000496
91, 0.0004259999999999958
92, 0.0004200000000000037
93, 0.0004489999999999911
94, 0.00036599999999999133
95, 0.00037199999999999733
96, 0.00037999999999999146
97, 0.0003889999999999866
98, 0.0004060000000000036
99, 0.0004139999999999977
100, 0.0004529999999999951
101, 0.0004310000000000008
102, 0.00044299999999999895
103, 0.0005350000000000077
104, 0.00046400000000001995
105, 0.00048199999999998244
106, 0.00045800000000001395
107, 0.0004659999999999942
108, 0.0004780000000000062
109, 0.0004840000000000122
110, 0.0004949999999999954
111, 0.0005310000000000037
112, 0.0005110000000000114
113, 0.0005209999999999937
114, 0.0006420000000000037
115, 0.0005380000000000107
116, 0.0005449999999999899
117, 0.0005659999999999832
118, 0.0005639999999999812
119, 0.0005759999999999932
120, 0.0005840000000000012
121, 0.0005919999999999814
122, 0.0006019999999999914
123, 0.0006120000000000014
124, 0.0006209999999999827
125, 0.0006309999999999927
126, 0.0006480000000000097
127, 0.0006480000000000097
128, 0.0006539999999999879
129, 0.0007050000000000112
130, 0.0007189999999999974
131, 0.0006849999999999912
132, 0.0006960000000000022
133, 0.0007220000000000004
134, 0.0009050000000000169
135, 0.0007619999999999849
136, 0.0008369999999999767
137, 0.0007670000000000177
138, 0.0008519999999999917
139, 0.0008620000000000017
140, 0.0008730000000000127
141, 0.0009410000000000251
142, 0.0009040000000000159
143, 0.0009679999999999966
144, 0.0009250000000000091
145, 0.0009610000000000174
146, 0.0009389999999999954
147, 0.0009500000000000064
148, 0.0009579999999999866
149, 0.0009720000000000006
150, 0.0009999999999999731
151, 0.0010979999999999879
152, 0.0010569999999999746
153, 0.0010490000000000221
154, 0.0010589999999999766
155, 0.0010279999999999734
156, 0.0010740000000000194
157, 0.0010249999999999981
158, 0.0010379999999999834
159, 0.0010499999999999954
160, 0.0010680000000000134
161, 0.0010470000000000201
162, 0.0010640000000000094
163, 0.0011970000000000036
164, 0.0011720000000000064
165, 0.0013090000000000046
166, 0.0011089999999999711
167, 0.0012570000000000081
168, 0.0011410000000000031
169, 0.0012490000000000001
170, 0.0011919999999999709
171, 0.0012860000000000094
172, 0.0011939999999999729
173, 0.0012720000000000509
174, 0.0012130000000000196
175, 0.001348999999999989
176, 0.0012440000000000229
177, 0.001578999999999997
178, 0.0012449999999999961
179, 0.00145099999999998
180, 0.0012889999999999846
181, 0.001534999999999953
182, 0.0013340000000000019
183, 0.0014579999999999593
184, 0.0013640000000000319
185, 0.001379000000000019
186, 0.0013920000000000043
187, 0.001458999999999988
188, 0.001442999999999972
189, 0.0015169999999999906
190, 0.0015209999999999946
191, 0.0014700000000000268
192, 0.0016750000000000376
193, 0.0014969999999999706
194, 0.0016519999999999868
195, 0.0015280000000000293
196, 0.0016700000000000048
197, 0.0017530000000000046
198, 0.0015330000000000066
199, 0.0015460000000000473
200, 0.001560999999999979
201, 0.001576999999999995
202, 0.0016820000000000168
203, 0.0018630000000000035
204, 0.0016470000000000096
205, 0.0018100000000000338
206, 0.0016780000000000128
207, 0.0016680000000000028
208, 0.00170300000000001
209, 0.001697000000000004
210, 0.0022839999999999527
211, 0.0017769999999999175
212, 0.0017929999999999335
213, 0.0019019999999999593
214, 0.002191000000000054
215, 0.0018460000000000143
216, 0.002130999999999994
217, 0.0018249999999999655
218, 0.0018920000000000048
219, 0.0019080000000000208
220, 0.0018759999999999888
221, 0.0020120000000000138
222, 0.0019090000000000495
223, 0.002014999999999989
224, 0.0019520000000000648
225, 0.0022659999999999902
226, 0.0020329999999999515
227, 0.0020559999999999468
228, 0.0023490000000000455
229, 0.002203000000000066
230, 0.0021740000000000093
231, 0.0021180000000000643
232, 0.0024199999999999777
233, 0.002346999999999988
234, 0.0021730000000000915
235, 0.0021889999999999965
236, 0.002650000000000041
237, 0.002466999999999997
238, 0.0022840000000000638
239, 0.002311000000000063
240, 0.0022809999999999775
241, 0.0023279999999999967
242, 0.0023699999999999832
243, 0.0024039999999999617
244, 0.002710000000000101
245, 0.002375000000000016
246, 0.0023529999999999385
247, 0.0024359999999999937
248, 0.002522999999999942
249, 0.0025959999999999317
250, 0.0024970000000000825
251, 0.0024889999999999635
252, 0.0024649999999999395
253, 0.0024659999999999682
254, 0.0026089999999999725
255, 0.0025010000000000865
256, 0.0025689999999999324
257, 0.002585999999999977
258, 0.0026880000000000237
259, 0.0031090000000000284
260, 0.002929999999999988
261, 0.00275000000000003
262, 0.002666000000000057
263, 0.002773999999999943
264, 0.0027040000000000397
265, 0.002693999999999974
266, 0.0028850000000000264
267, 0.002886999999999973
268, 0.0037530000000000063
269, 0.00296200000000002
270, 0.002917999999999976
271, 0.0030120000000000147
272, 0.005110999999999977
273, 0.004124999999999934
274, 0.003114000000000061
275, 0.0031039999999999957
276, 0.00305500000000003
277, 0.003078000000000025
278, 0.0030559999999999476
279, 0.0030769999999999964
280, 0.0031360000000000277
281, 0.003147000000000011
282, 0.0031469999999999
283, 0.003187000000000051
284, 0.00340600000000002
285, 0.00321400000000005
286, 0.0034929999999999684
287, 0.003303000000000056
288, 0.0032849999999999824
289, 0.003278000000000114
290, 0.003238000000000074
291, 0.003275000000000139
292, 0.003311000000000064
293, 0.004024999999999945
294, 0.0033760000000000456
295, 0.0033520000000000216
296, 0.003617999999999899
297, 0.0034250000000000114
298, 0.003926000000000096
299, 0.0036200000000001786
300, 0.0037609999999999033
301, 0.0035450000000001314
302, 0.0035240000000000826
303, 0.0035450000000001314
304, 0.0035650000000000404
305, 0.003702000000000094
306, 0.004018000000000077
307, 0.0042359999999999065
308, 0.004024999999999945
309, 0.004126000000000074
310, 0.0038929999999999243
311, 0.004253000000000062
312, 0.004188999999999998
313, 0.00406300000000015
314, 0.003962000000000021
315, 0.003854999999999942
316, 0.003986999999999963
317, 0.004138999999999893
318, 0.004223000000000088
319, 0.004059000000000035
320, 0.004291000000000045
321, 0.004291000000000045
322, 0.004357999999999862
323, 0.004182999999999826
324, 0.004314000000000151
325, 0.0042200000000001125
326, 0.004194999999999949
327, 0.004421000000000008
328, 0.004282000000000119
329, 0.004385000000000083
330, 0.0046120000000000605
331, 0.004466999999999999
332, 0.00437299999999996
333, 0.004493999999999998
334, 0.0044720000000000315
335, 0.004458000000000073
336, 0.0043959999999998445
337, 0.004825999999999997
338, 0.005001999999999951
339, 0.004612999999999978
340, 0.005422000000000038
341, 0.004903999999999797
342, 0.005282999999999927
343, 0.005225000000000035
344, 0.0050760000000000804
345, 0.005314000000000041
346, 0.005044999999999966
347, 0.005276000000000058
348, 0.005117000000000038
349, 0.005368000000000039
350, 0.005045999999999884
351, 0.005117000000000038
352, 0.005089000000000121
353, 0.005374999999999908
354, 0.005111000000000088
355, 0.005292999999999992
356, 0.005352999999999941
357, 0.005337000000000147
358, 0.005301
359, 0.005325000000000024
360, 0.005114000000000063
361, 0.005268999999999968
362, 0.005319000000000074
363, 0.005222999999999978
364, 0.005287999999999959
365, 0.005377999999999883
366, 0.005608999999999975
367, 0.005748000000000086
368, 0.005780999999999814
369, 0.005830000000000002
370, 0.00568499999999994
371, 0.005906000000000189
372, 0.005718000000000112
373, 0.005846000000000018
374, 0.005789999999999962
375, 0.005777000000000143
376, 0.005784000000000011
377, 0.005616000000000065
378, 0.005741999999999914
379, 0.005734000000000128
380, 0.006245000000000056
381, 0.005846000000000018
382, 0.006153999999999993
383, 0.005993000000000137
384, 0.006012000000000128
385, 0.006059999999999732
386, 0.005986000000000047
387, 0.006393999999999789
388, 0.006515999999999966
389, 0.006640999999999675
390, 0.006881999999999611
391, 0.006568999999999825
392, 0.006477999999999984
393, 0.0064950000000001396
394, 0.006908999999999832
395, 0.006746000000000141
396, 0.006689000000000167
397, 0.007162999999999808
398, 0.007203999999999766
399, 0.006852999999999998
400, 0.006882000000000055
401, 0.007072999999999663
402, 0.006988999999999912
403, 0.00710999999999995
404, 0.006869000000000014
405, 0.006993999999999723
406, 0.007004000000000232
407, 0.00703599999999982
408, 0.00710999999999995
409, 0.007030000000000314
410, 0.00726199999999988
411, 0.007128000000000245
412, 0.007189000000000334
413, 0.007464999999999833
414, 0.007353000000000165
415, 0.007839000000000151
416, 0.007363999999999926
417, 0.007835000000000036
418, 0.007706000000000213
419, 0.007680000000000131
420, 0.00774100000000022
421, 0.007638999999999729
422, 0.007881000000000249
423, 0.007992000000000221
424, 0.007824999999999971
425, 0.007786999999999988
426, 0.007922999999999902
427, 0.00803900000000013
428, 0.008054000000000006
429, 0.008239999999999803
430, 0.00813200000000025
431, 0.008072999999999997
432, 0.008117000000000374
433, 0.00811800000000007
434, 0.00842099999999979
435, 0.008209000000000355
436, 0.008929999999999882
437, 0.008575
438, 0.009328000000000003
439, 0.010709000000000302
440, 0.009989000000000026
441, 0.010622000000000131
442, 0.010135000000000005
443, 0.010399000000000047
444, 0.009936000000000167
445, 0.009542000000000161
446, 0.011263999999999719
447, 0.010832000000000175
448, 0.012423000000000073
449, 0.010737000000000219
450, 0.009690999999999672
451, 0.009438999999999975
452, 0.010228999999999822
453, 0.008992999999999807
454, 0.00937200000000038
455, 0.010534000000000265
456, 0.009360000000000035
457, 0.009333999999999953
458, 0.009338000000000068
459, 0.009690999999999672
460, 0.009337999999999624
461, 0.009306000000000036
462, 0.010237000000000052
463, 0.009164999999999868
464, 0.009238999999999997
465, 0.009388000000000396
466, 0.010172000000000292
467, 0.00935700000000006
468, 0.009621999999999797
469, 0.009508000000000294
470, 0.010232999999999937
471, 0.010583999999999705
472, 0.013977000000000128
473, 0.010491000000000028
474, 0.009889000000000259
475, 0.00973500000000005
476, 0.010476000000000152
477, 0.00958900000000007
478, 0.009809999999999874
479, 0.009614999999999707
480, 0.010476000000000152
481, 0.010725000000000318
482, 0.010451999999999906
483, 0.010666000000000064
484, 0.010159999999999947
485, 0.01057999999999959
486, 0.01129699999999989
487, 0.010704000000000047
488, 0.011176999999999992
489, 0.010567999999999689
490, 0.01036999999999999
491, 0.011602000000000334
492, 0.010666000000000064
493, 0.011061999999999905
494, 0.01114499999999996
495, 0.011174000000000017
496, 0.011065999999999576
497, 0.0112779999999999
498, 0.010968000000000089
499, 0.011165000000000092
500, 0.011014000000000301
501, 0.010960999999999999
502, 0.011631999999999643
503, 0.011798999999999893
504, 0.014283999999999963
505, 0.011808000000000263
506, 0.011997000000000035
507, 0.011841000000000435
508, 0.012433999999999834
509, 0.012396999999999991
510, 0.01312899999999928
511, 0.013054000000000343
512, 0.014622999999999386
513, 0.012105000000000032
514, 0.01158199999999976
515, 0.011845999999999357
516, 0.012019000000000446
517, 0.012503000000000597
518, 0.012496000000000507
519, 0.012238999999999223
520, 0.012156000000000056
521, 0.012401999999999802
522, 0.012414999999999843
523, 0.012525999999999371
524, 0.012229999999999741
525, 0.01238500000000009
526, 0.013041000000000302
527, 0.013199999999999434
528, 0.012904999999999944
529, 0.013196999999999903
530, 0.012879000000000751
531, 0.012926000000000215
532, 0.01252999999999993
533, 0.013104000000000227
534, 0.012901000000000273
535, 0.01270800000000083
536, 0.013018999999999892
537, 0.012751999999999875
538, 0.01377300000000048
539, 0.012976000000000099
540, 0.012789000000000605
541, 0.012813999999999659
542, 0.012981999999999161
543, 0.013251000000000346
544, 0.013840000000000074
545, 0.01317000000000057
546, 0.013438999999999979
547, 0.013435000000000308
548, 0.014365999999999879
549, 0.013568000000000247
550, 0.01361699999999999
551, 0.013884000000000007
552, 0.014405000000000001
553, 0.01378700000000066
554, 0.01379400000000075
555, 0.013996999999999815
556, 0.014344000000000356
557, 0.01405999999999974
558, 0.014274999999999594
559, 0.014397999999999911
560, 0.014766999999999975
561, 0.01438000000000006
562, 0.014822999999999809
563, 0.015178999999999832
564, 0.014630999999999617
565, 0.015507000000000382
566, 0.015511000000000053
567, 0.01514799999999994
568, 0.015201999999999494
569, 0.022790999999999784
570, 0.016913000000000622
571, 0.014439999999999564
572, 0.014610000000000234
573, 0.014729999999999244
574, 0.014755000000000074
575, 0.014143999999999934
576, 0.014446999999999655
577, 0.014904999999999724
578, 0.01482799999999962
579, 0.015108999999999817
580, 0.015235000000000554
581, 0.014782000000000295
582, 0.014925999999999995
583, 0.014962999999999838
584, 0.015141999999999989
585, 0.015483999999999831
586, 0.015049000000000312
587, 0.015373000000000303
588, 0.0163669999999998
589, 0.015572000000000585
590, 0.014917000000000513
591, 0.015202999999999633
592, 0.015179999999999971
593, 0.015857000000000454
594, 0.015546999999999755
595, 0.015809999999999214
596, 0.01654100000000014
597, 0.01561900000000005
598, 0.015640999999999572
599, 0.01610800000000001
600, 0.016147000000000133
601, 0.01622699999999977
602, 0.015988000000000113
603, 0.016067000000000498
604, 0.016658999999999757
605, 0.01671099999999992
606, 0.01655399999999929
607, 0.016441000000000372
608, 0.01637299999999975
609, 0.016289999999999694
610, 0.016318000000000055
611, 0.016893999999999743
612, 0.016931999999999725
613, 0.017546999999999535
614, 0.017234999999999445
615, 0.017152000000000278
616, 0.017134000000000427
617, 0.0174909999999997
618, 0.01765300000000014
619, 0.017218999999999873
620, 0.016945999999999906
621, 0.016982000000000497
622, 0.01781400000000044
623, 0.017891999999999797
624, 0.018218000000000067
625, 0.017665000000000042
626, 0.017834999999999823
627, 0.017691000000000123
628, 0.018906999999999563
629, 0.018035999999999497
630, 0.01946999999999921
631, 0.018330999999999875
632, 0.017542000000000613
633, 0.017534000000000383
634, 0.017821999999999782
635, 0.01794099999999954
636, 0.020144999999999413
637, 0.0190159999999997
638, 0.01994600000000002
639, 0.018646999999999636
640, 0.019410999999999845
641, 0.019090999999999525
642, 0.019421999999999606
643, 0.01965899999999987
644, 0.01935100000000034
645, 0.01918400000000009
646, 0.01991499999999924
647, 0.019994999999999763
648, 0.01967100000000066
649, 0.019745999999999597
650, 0.019866999999999635
651, 0.01998200000000061
652, 0.020303000000000182
653, 0.020208999999999477
654, 0.02002600000000143
655, 0.020179999999999865
656, 0.020008999999999943
657, 0.020208000000000226
658, 0.020320999999999145
659, 0.020649999999999835
660, 0.02028100000000066
661, 0.020715000000000927
662, 0.020972999999999686
663, 0.020144000000000162
664, 0.020645000000000024
665, 0.02012900000000073
666, 0.021017000000000507
667, 0.02103699999999975
668, 0.02116499999999988
669, 0.02071899999999971
670, 0.021247000000000682
671, 0.02090300000000056
672, 0.021435999999999567
673, 0.021445999999999188
674, 0.021316000000000557
675, 0.02100699999999911
676, 0.020936000000000732
677, 0.020982999999999308
678, 0.020885000000001597
679, 0.021416000000000324
680, 0.0221309999999999
681, 0.021425999999999945
682, 0.02171400000000112
683, 0.022871000000000308
684, 0.022090000000000387
685, 0.02214000000000027
686, 0.021965999999999042
687, 0.022384000000000626
688, 0.02195199999999886
689, 0.022662999999999656
690, 0.023524999999999352
691, 0.02273899999999962
692, 0.022661000000001152
693, 0.022968999999999795
694, 0.022802000000000433
695, 0.02768700000000024
696, 0.023122000000000753
697, 0.02409699999999937
698, 0.023195999999998662
699, 0.0230630000000005
700, 0.023405999999999594
701, 0.04574099999999959
702, 0.02427099999999882
703, 0.022934999999998595
704, 0.0226829999999989
705, 0.022951999999998307
706, 0.02303299999999986
707, 0.02428800000000031
708, 0.02478300000000111
709, 0.023775000000000546
710, 0.02428199999999947
711, 0.02372000000000085
712, 0.023628999999999678
713, 0.024665999999999855
714, 0.02425199999999883
715, 0.024859000000001075
716, 0.024157999999999902
717, 0.024955000000000283
718, 0.024836999999999776
719, 0.024983999999999895
720, 0.02526200000000145
721, 0.025406999999999513
722, 0.02371200000000151
723, 0.02427400000000013
724, 0.025285999999999476
725, 0.029277999999999693
726, 0.033354000000000994
727, 0.02602300000000035
728, 0.025439000000000433
729, 0.02656999999999954
730, 0.025609000000001103
731, 0.025645000000000806
732, 0.02630500000000069
733, 0.026129999999998432
734, 0.02844200000000008
735, 0.026690999999999576
736, 0.026009999999999422
737, 0.02582400000000007
738, 0.025638999999999967
739, 0.027023000000001574
740, 0.02707000000000015
741, 0.028001999999998972
742, 0.027409999999999712
743, 0.02782799999999952
744, 0.02602900000000119
745, 0.026452000000000808
746, 0.027972000000000108
747, 0.026514999999999844
748, 0.026566000000000756
749, 0.025707999999999842
750, 0.02866600000000119
751, 0.02644699999999922
752, 0.027391999999998973
753, 0.025966000000000378
754, 0.02613299999999974
755, 0.026972000000000662
756, 0.02859899999999982
757, 0.027639999999999887
758, 0.027038000000001006
759, 0.028375999999999735
760, 0.02802800000000083
761, 0.027681999999998652
762, 0.028527999999999665
763, 0.0285100000000007
764, 0.028506999999999394
765, 0.028036999999999423
766, 0.02892100000000042
767, 0.028575000000000017
768, 0.028078999999999965
769, 0.02911300000000061
770, 0.029392000000001417
771, 0.029483000000000814
772, 0.029683000000000348
773, 0.030233000000000843
774, 0.039395000000000735
775, 0.029624999999999346
776, 0.03451399999999971
777, 0.03294099999999922
778, 0.03490099999999963
779, 0.03218099999999957
780, 0.0317229999999995
781, 0.03035400000000088
782, 0.02954800000000013
783, 0.0294080000000001
784, 0.02897300000000058
785, 0.029493999999999687
786, 0.030737000000000236
787, 0.029785999999999646
788, 0.030559000000000225
789, 0.02999200000000002
790, 0.031344999999999956
791, 0.03525899999999993
792, 0.033177999999999486
793, 0.030816999999998984
794, 0.031658000000000186
795, 0.029885999999999413
796, 0.031147999999999954
797, 0.031022999999999357
798, 0.03114600000000145
799, 0.03201900000000002
800, 0.03265999999999991
801, 0.03190900000000063
802, 0.031657000000000934
803, 0.031157000000000323
804, 0.03191699999999997
805, 0.032415999999999556
806, 0.031996000000001246
807, 0.03175099999999986
808, 0.03157299999999985
809, 0.03153000000000006
810, 0.03123499999999879
811, 0.03136699999999948
812, 0.03191100000000091
813, 0.03188199999999952
814, 0.03147699999999887
815, 0.031106000000001188
816, 0.03198100000000004
817, 0.031166000000000693
818, 0.03205100000000094
819, 0.03125499999999981
820, 0.031943000000000055
821, 0.03129800000000138
822, 0.031641999999999726
823, 0.03094300000000061
824, 0.032738000000000156
825, 0.031190000000000495
826, 0.03370999999999924
827, 0.03338999999999892
828, 0.03231800000000007
829, 0.03263700000000114
830, 0.03330300000000008
831, 0.03313600000000072
832, 0.03386000000000067
833, 0.03317200000000042
834, 0.033096999999997934
835, 0.03260699999999872
836, 0.03253300000000081
837, 0.032332999999997725
838, 0.0353720000000024
839, 0.03254400000000146
840, 0.032748000000001554
841, 0.03224399999999861
842, 0.032726000000000255
843, 0.03263300000000058
844, 0.03283599999999964
845, 0.03330100000000158
846, 0.03340700000000041
847, 0.034828999999998445
848, 0.0331159999999997
849, 0.033879000000002435
850, 0.03386599999999973
851, 0.03364700000000198
852, 0.03339900000000284
853, 0.03463800000000106
854, 0.033355000000000246
855, 0.034100999999999715
856, 0.033243000000002354
857, 0.035185999999999495
858, 0.034119000000000455
859, 0.03515400000000213
860, 0.03438899999999734
861, 0.03439999999999799
862, 0.03479700000000108
863, 0.0349339999999998
864, 0.03595599999999877
865, 0.035360000000000724
866, 0.03580699999999837
867, 0.03538600000000258
868, 0.03613100000000102
869, 0.034342000000002315
870, 0.03677199999999914
871, 0.03549999999999898
872, 0.03612499999999841
873, 0.03542300000000154
874, 0.03639400000000137
875, 0.03709699999999927
876, 0.03666300000000078
877, 0.037732000000001875
878, 0.03733099999999823
879, 0.03775500000000065
880, 0.037638999999998646
881, 0.03771899999999917
882, 0.03878199999999765
883, 0.037120000000001596
884, 0.03873300000000057
885, 0.036995999999998475
886, 0.0378140000000009
887, 0.036669999999997316
888, 0.0375930000000011
889, 0.03770800000000207
890, 0.03797400000000195
891, 0.03854499999999916
892, 0.03850399999999965
893, 0.03728299999999862
894, 0.0376870000000018
895, 0.039291000000002185
896, 0.03812200000000132
897, 0.03698699999999988
898, 0.03833500000000001
899, 0.03838299999999961
900, 0.03903500000000193
901, 0.039625999999998385
902, 0.037589999999998014
903, 0.04140199999999794
904, 0.04083400000000026
905, 0.040884999999999394
906, 0.03901899999999969
907, 0.039979999999999905
908, 0.04098600000000019
909, 0.04123999999999839
910, 0.040008000000000266
911, 0.03892800000000207
912, 0.03963800000000006
913, 0.039014999999999134
914, 0.03980099999999709
915, 0.04102100000000064
916, 0.041737000000001245
917, 0.042621000000000464
918, 0.040662000000001086
919, 0.0389860000000013
920, 0.04060299999999728
921, 0.04109699999999705
922, 0.041838999999999515
923, 0.04098199999999963
924, 0.04268199999999922
925, 0.040099999999998914
926, 0.041629999999997835
927, 0.04186599999999885
928, 0.04276699999999778
929, 0.04220600000000019
930, 0.04274500000000003
931, 0.04356899999999797
932, 0.04266600000000054
933, 0.04279199999999861
934, 0.04126499999999922
935, 0.04266600000000054
936, 0.04192099999999854
937, 0.04116199999999992
938, 0.042252999999998764
939, 0.04092499999999788
940, 0.04119700000000037
941, 0.04258300000000048
942, 0.04270999999999958
943, 0.04308799999999735
944, 0.04276299999999722
945, 0.043612999999997015
946, 0.042106999999997896
947, 0.04194599999999937
948, 0.041896000000001266
949, 0.04218199999999683
950, 0.043013000000001966
951, 0.044851000000001306
952, 0.04477199999999826
953, 0.04453699999999827
954, 0.04519099999999909
955, 0.0441590000000005
956, 0.04462300000000141
957, 0.0443889999999989
958, 0.0464609999999972
959, 0.04445100000000224
960, 0.04741599999999835
961, 0.05090200000000067
962, 0.05307300000000126
963, 0.049279999999999546
964, 0.04790099999999953
965, 0.047676000000002716
966, 0.04788599999999832
967, 0.046618999999999744
968, 0.04643899999999945
969, 0.04627400000000037
970, 0.04730599999999896
971, 0.04654999999999987
972, 0.05613899999999816
973, 0.053302999999999656
974, 0.052832999999999686
975, 0.0478999999999985
976, 0.04922200000000032
977, 0.04705900000000085
978, 0.04593600000000109
979, 0.048402999999996865
980, 0.048763000000001
981, 0.047924000000001854
982, 0.048814000000000135
983, 0.04915699999999745
984, 0.04782200000000003
985, 0.04757400000000089
986, 0.04783899999999974
987, 0.04901599999999817
988, 0.049772000000000816
989, 0.04819700000000182
990, 0.04848600000000047
991, 0.047930000000000916
992, 0.047413999999999845
993, 0.049847000000003305
994, 0.058870999999999896
995, 0.05304399999999987
996, 0.07555299999999932
997, 0.06658599999999737
998, 0.059803999999999746
999, 0.051817999999997255
1000, 0.05164500000000061
1001, 0.052664000000000044
1002, 0.05411100000000246
1003, 0.05131199999999936
1004, 0.05064500000000294
1005, 0.05024399999999929
1006, 0.05139000000000138
1007, 0.051270999999999844
1008, 0.05104000000000042
1009, 0.050264000000002085
1010, 0.05198800000000148
1011, 0.05247800000000069
1012, 0.05193699999999879
1013, 0.05024399999999929
1014, 0.050981000000000165
1015, 0.051137000000000654
1016, 0.051422999999999774
1017, 0.052519000000000204
1018, 0.05251600000000067
1019, 0.053115999999999275
1020, 0.05288299999999779
1021, 0.05171900000000207
1022, 0.053042000000001366
1023, 0.05262600000000006
1024, 0.05344300000000146
1025, 0.051972000000002794
1026, 0.05242900000000006
1027, 0.05300599999999989
1028, 0.05404700000000062
1029, 0.053864999999998275
1030, 0.05336399999999841
1031, 0.053031000000000716
1032, 0.05238899999999802
1033, 0.05300399999999783
1034, 0.05472199999999816
1035, 0.05437300000000178
1036, 0.05316999999999794
1037, 0.05316299999999785
1038, 0.05325200000000052
1039, 0.05374800000000235
1040, 0.0537719999999986
1041, 0.05573800000000162
1042, 0.055720999999998355
1043, 0.0521950000000011
1044, 0.05272399999999777
1045, 0.05343600000000137
1046, 0.054260999999996784
1047, 0.054399000000000086
1048, 0.054127000000001146
1049, 0.05514600000000058
1050, 0.05344299999999791
1051, 0.052479999999999194
1052, 0.05499099999999757
1053, 0.05727800000000016
1054, 0.057327000000000794
1055, 0.055778000000000105
1056, 0.05670199999999781
1057, 0.055623000000000644
1058, 0.05481500000000139
1059, 0.056059999999998666
1060, 0.0567770000000003
1061, 0.058074999999998766
1062, 0.05739200000000011
1063, 0.0562599999999982
1064, 0.056427999999996814
1065, 0.055577000000003096
1066, 0.06021700000000152
1067, 0.06002099999999899
1068, 0.05845399999999756
1069, 0.05857799999999713
1070, 0.05738600000000105
1071, 0.057201999999996644
1072, 0.05586299999999511
1073, 0.055780000000005714
1074, 0.055109999999999104
1075, 0.05475500000000011
1076, 0.054603999999997654
1077, 0.05743899999999513
1078, 0.0584259999999972
1079, 0.06143199999999638
1080, 0.05917199999999667
1081, 0.05699700000000263
1082, 0.056747000000001435
1083, 0.056178000000002726
1084, 0.05646399999999829
1085, 0.05710000000000548
1086, 0.0571119999999965
1087, 0.05766500000000008
1088, 0.06013800000000202
1089, 0.061540000000000816
1090, 0.059497000000000355
1091, 0.05959800000000115
1092, 0.06034400000000062
1093, 0.06037900000000462
1094, 0.06069399999999803
1095, 0.059523999999996136
1096, 0.061776999999999305
1097, 0.06216500000000025
1098, 0.0611770000000007
1099, 0.061867999999996925
1100, 0.060726999999999975
1101, 0.06108700000000056
1102, 0.06075299999999828
1103, 0.06004899999999935
1104, 0.06216799999999978
1105, 0.06018900000000116
1106, 0.06051699999999727
1107, 0.06360199999999594
1108, 0.062046000000002266
1109, 0.05794999999999817
1110, 0.05906599999999429
1111, 0.05992599999999726
1112, 0.06435799999999858
1113, 0.06240700000000032
1114, 0.06319599999999781
1115, 0.06210000000000093
1116, 0.06440599999999819
1117, 0.06387699999999796
1118, 0.06184000000000367
1119, 0.06157699999999977
1120, 0.061407000000002654
1121, 0.06407600000000002
1122, 0.06336699999999951
1123, 0.06412600000000168
1124, 0.06203800000000115
1125, 0.0608439999999959
1126, 0.06320199999999687
1127, 0.06258500000000566
1128, 0.06393900000000485
1129, 0.06442499999999995
1130, 0.063445999999999
1131, 0.06146700000000038
1132, 0.061712999999997464
1133, 0.0646070000000023
1134, 0.06347999999999843
1135, 0.06371099999999785
1136, 0.0639370000000028
1137, 0.06387799999999544
1138, 0.06369099999999861
1139, 0.06549900000000264
1140, 0.06881300000000579
1141, 0.06851899999999489
1142, 0.06633999999999673
1143, 0.07090299999999417
1144, 0.06732000000000227
1145, 0.0680499999999995
1146, 0.06610000000000582
1147, 0.06434199999999635
1148, 0.06379000000000445
1149, 0.06510500000000263
1150, 0.06576099999999485
1151, 0.06762699999999455
1152, 0.06724299999999772
1153, 0.06516099999999625
1154, 0.0641120000000015
1155, 0.06499300000000119
1156, 0.06730699999999956
1157, 0.0662979999999962
1158, 0.06513900000000206
1159, 0.06497799999999643
1160, 0.06387300000000096
1161, 0.06564999999999799
1162, 0.06738899999999859
1163, 0.0680979999999991
1164, 0.0691929999999985
1165, 0.06596000000000402
1166, 0.06617200000000167
1167, 0.06570099999999712
1168, 0.06677900000000392
1169, 0.06662500000000193
1170, 0.06860799999999756
1171, 0.07000299999999982
1172, 0.06989899999999949
1173, 0.06991400000000425
1174, 0.07021599999999495
1175, 0.0691800000000029
1176, 0.06820899999999597
1177, 0.06841200000000214
1178, 0.06799800000000289
1179, 0.0688080000000042
1180, 0.07163500000000056
1181, 0.07091400000000192
1182, 0.0711949999999959
1183, 0.07180699999999973
1184, 0.07207599999999559
1185, 0.06763000000000119
1186, 0.06895000000000095
1187, 0.06894499999999937
1188, 0.06943599999999606
1189, 0.06746100000000155
1190, 0.06822400000000073
1191, 0.06812999999999647
1192, 0.06865700000000174
1193, 0.07086799999999727
1194, 0.07146099999999933
1195, 0.07084399999999391
1196, 0.06875600000000048
1197, 0.06809100000000257
1198, 0.06862699999999933
1199, 0.06854399999999572
1200, 0.06959100000000262
1201, 0.07017100000000198
1202, 0.07046900000000278
1203, 0.07216300000000331
1204, 0.07529599999999448
1205, 0.07311899999999838
1206, 0.07418100000000294
1207, 0.07435300000000211
1208, 0.07348100000000102
1209, 0.07219200000000114
1210, 0.07048400000000044
1211, 0.06980000000000075
1212, 0.07062399999999514
1213, 0.07044899999999643
1214, 0.07786300000000068
1215, 0.07548099999999636
1216, 0.07172000000000622
1217, 0.07331599999999838
1218, 0.07589300000000065
1219, 0.0722030000000018
1220, 0.07519400000000331
1221, 0.07762400000000014
1222, 0.07632699999999915
1223, 0.07620600000000621
1224, 0.07732299999999981
1225, 0.07701899999999995
1226, 0.07968999999999937
1227, 0.08521400000000057
1228, 0.07953200000000038
1229, 0.07804700000000508
1230, 0.07623600000000152
1231, 0.0755930000000049
1232, 0.07645000000000124
1233, 0.07602800000000087
1234, 0.08135000000000048
1235, 0.0860669999999999
1236, 0.08249599999999901
1237, 0.07714200000000204
1238, 0.07672399999999868
1239, 0.07775199999999671
1240, 0.07685299999999984
1241, 0.07754400000000317
1242, 0.07710199999999645
1243, 0.07730300000000057
1244, 0.07757499999999595
1245, 0.07785999999999405
1246, 0.07790100000000422
1247, 0.09074299999999624
1248, 0.11992999999999654
1249, 0.12487700000000501
1250, 0.12943500000000085
1251, 0.11694100000000418
1252, 0.14360599999999835
1253, 0.10713499999999954
1254, 0.08990700000000373
1255, 0.1271679999999975
1256, 0.08325800000000072
1257, 0.08131900000000059
1258, 0.0808280000000039
1259, 0.08114599999999683
1260, 0.07991499999999974
1261, 0.08092099999999647
1262, 0.08236800000000244
1263, 0.08453300000000041
1264, 0.08203100000000063
1265, 0.08612300000000062
1266, 0.08208700000000135
1267, 0.0844810000000038
1268, 0.08211199999999508
1269, 0.08154499999999842
1270, 0.08154800000000506
1271, 0.08139400000000308
1272, 0.08167600000000164
1273, 0.0837190000000021
1274, 0.08219899999999569
1275, 0.0843670000000003
1276, 0.08209500000000247
1277, 0.08299499999999682
1278, 0.08197799999999944
1279, 0.08258999999999617
1280, 0.08143499999999904
1281, 0.08435499999999507
1282, 0.08915099999999399
1283, 0.08898599999999846
1284, 0.096387
1285, 0.09024100000000601
1286, 0.08476699999999937
1287, 0.08536900000000003
1288, 0.08501000000000403
1289, 0.08503999999999934
1290, 0.08699299999999965
1291, 0.08634299999999939
1292, 0.08568700000000007
1293, 0.08519299999999674
1294, 0.0854969999999966
1295, 0.09119600000000361
1296, 0.08749699999999905
1297, 0.08541999999999916
1298, 0.08676999999999424
1299, 0.08537499999999909
1300, 0.08577799999999769
1301, 0.08650399999999792
1302, 0.08645899999999784
1303, 0.08778199999999714
1304, 0.0889749999999978
1305, 0.08984900000000096
1306, 0.11206400000000372
1307, 0.09177700000000044
1308, 0.08653800000000444
1309, 0.09414499999999748
1310, 0.08910499999999644
1311, 0.08955200000000474
1312, 0.09222299999999706
1313, 0.08947299999999814
1314, 0.09287700000000143
1315, 0.08638100000000293
1316, 0.08479400000000226
1317, 0.08832000000000306
1318, 0.09573699999999974
1319, 0.09475499999999926
1320, 0.09453700000000254
1321, 0.09265099999999649
1322, 0.09214200000000261
1323, 0.08814399999999978
1324, 0.08608999999999867
1325, 0.08503400000000028
1326, 0.08846199999999982
1327, 0.08866599999999636
1328, 0.08612899999999968
1329, 0.08922900000000311
1330, 0.0860449999999986
1331, 0.08669399999999428
1332, 0.08657800000000293
1333, 0.08660199999999918
1334, 0.08867699999999701
1335, 0.09188300000000282
1336, 0.09291699999999992
1337, 0.09407900000000069
1338, 0.08737299999999948
1339, 0.08715200000000323
1340, 0.08809699999999765
1341, 0.09089199999999664
1342, 0.08875700000000109
1343, 0.08909399999999579
1344, 0.08788200000000046
1345, 0.09004099999999937
1346, 0.08901199999999676
1347, 0.09096300000000213
1348, 0.09040599999999444
1349, 0.09143700000000621
1350, 0.09451899999999824
1351, 0.08911200000000008
1352, 0.08956099999999623
1353, 0.09354199999999935
1354, 0.09196399999999727
1355, 0.09267000000000536
1356, 0.09303899999999743
1357, 0.09280399999999389
1358, 0.09347199999999845
1359, 0.0961810000000014
1360, 0.09453899999999749
1361, 0.09365299999999621
1362, 0.09529500000000013
1363, 0.09670400000000257
1364, 0.0966499999999968
1365, 0.09415100000001075
1366, 0.09253600000000972
1367, 0.09431800000000123
1368, 0.09458499999999503
1369, 0.09045500000000573
1370, 0.09003300000000536
1371, 0.094104999999999
1372, 0.09554500000000132
1373, 0.09481899999998689
1374, 0.09584100000000717
1375, 0.09641600000000494
1376, 0.09474400000000571
1377, 0.09196299999999269
1378, 0.0925060000000002
1379, 0.09422100000000455
1380, 0.09305899999999667
1381, 0.09388899999999012
1382, 0.09440899999999885
1383, 0.09240599999999688
1384, 0.09475400000000889
1385, 0.09620199999999102
1386, 0.09405399999999986
1387, 0.09449600000000657
1388, 0.09895900000000779
1389, 0.09905799999999942
1390, 0.09844499999999812
1391, 0.09902499999999748
1392, 0.0973860000000002
1393, 0.0979159999999979
1394, 0.09625499999999931
1395, 0.10030599999998913
1396, 0.09632599999999059
1397, 0.09724399999998923
1398, 0.09647600000000978
1399, 0.09923700000000224
1400, 0.10170800000000213
1401, 0.10012199999999893
1402, 0.09871100000000865
1403, 0.10059899999998834
1404, 0.10054800000000341
1405, 0.10140100000000984
1406, 0.10099799999998993
1407, 0.10245600000000366
1408, 0.10279500000000041
1409, 0.1014070000000089
1410, 0.10200000000000387
1411, 0.10166199999999037
1412, 0.10868600000000583
1413, 0.10327099999999234
1414, 0.1090769999999992
1415, 0.10625500000000443
1416, 0.1071759999999955
1417, 0.10028499999999951
1418, 0.0998519999999985
1419, 0.10472500000000196
1420, 0.10189200000000653
1421, 0.1116659999999996
1422, 0.1003599999999949
1423, 0.10173699999999997
1424, 0.10158299999999088
1425, 0.10259700000000294
1426, 0.09989299999999446
1427, 0.09980100000001357
1428, 0.10157499999999686
1429, 0.10011399999999071
1430, 0.10213099999999997
1431, 0.10558400000000745
1432, 0.10690599999999506
1433, 0.10290600000000438
1434, 0.10184199999999066
1435, 0.10668700000000797
1436, 0.10404900000000339
1437, 0.10731799999999225
1438, 0.10856700000000785
1439, 0.10499199999999576
1440, 0.10755399999999327
1441, 0.10818000000000438
1442, 0.10692299999999477
1443, 0.10838900000000251
1444, 0.10567700000000002
1445, 0.10546199999998862
1446, 0.10287999999999897
1447, 0.10487700000000189
1448, 0.10866599999999949
1449, 0.10688199999999881
1450, 0.1039870000000036
1451, 0.10384399999999516
1452, 0.10676999999999737
1453, 0.10500900000000968
1454, 0.1042630000000031
1455, 0.1053229999999985
1456, 0.1064750000000032
1457, 0.10600099999999202
1458, 0.10764000000000351
1459, 0.106899999999996
1460, 0.10632699999999318
1461, 0.10709799999999348
1462, 0.10845399999999472
1463, 0.10949499999999546
1464, 0.10766999999999882
1465, 0.10652399999999318
1466, 0.10679199999999867
1467, 0.10746399999999312
1468, 0.10578599999999483
1469, 0.10738100000000372
1470, 0.10915900000000534
1471, 0.10866100000001211
1472, 0.1079119999999989
1473, 0.10813800000001095
1474, 0.11187300000000278
1475, 0.11314299999999378
1476, 0.10984599999999034
1477, 0.1130019999999945
1478, 0.11356400000001088
1479, 0.11854200000000503
1480, 0.11770900000000495
1481, 0.10996900000000664
1482, 0.1138870000000054
1483, 0.11221199999999953
1484, 0.11406999999999812
1485, 0.11221700000000112
1486, 0.11155499999999563
1487, 0.11360299999999768
1488, 0.1141150000000124
1489, 0.10879400000000317
1490, 0.11000100000001112
1491, 0.11002799999999979
1492, 0.11103200000000868
1493, 0.11157199999999534
1494, 0.11078399999999533
1495, 0.11403699999999617
1496, 0.11149300000001006
1497, 0.11280999999999608
1498, 0.11296200000001022
1499, 0.11321900000000085
