1, 5.0000000000050004e-06
2, 3.9999999999970615e-06
3, 7.000000000000062e-06
4, 1.7000000000003124e-05
5, 8.999999999995123e-06
6, 1.0999999999997123e-05
7, 1.2999999999999123e-05
8, 1.6000000000002124e-05
9, 1.6000000000002124e-05
10, 1.9000000000005124e-05
11, 2.1000000000000185e-05
12, 2.3000000000002185e-05
13, 2.4999999999997247e-05
14, 2.8000000000000247e-05
15, 3.0000000000002247e-05
16, 3.399999999999931e-05
17, 3.500000000000031e-05
18, 3.599999999999437e-05
19, 3.800000000000331e-05
20, 4.099999999999937e-05
21, 4.400000000000237e-05
22, 4.600000000000437e-05
23, 4.900000000000043e-05
24, 5.100000000000243e-05
25, 5.500000000000643e-05
26, 5.6000000000000494e-05
27, 6.0000000000004494e-05
28, 6.0999999999998555e-05
29, 6.400000000000156e-05
30, 6.699999999999762e-05
31, 7.100000000000162e-05
32, 7.299999999999668e-05
33, 7.599999999999968e-05
34, 7.800000000000168e-05
35, 7.599999999999968e-05
36, 7.900000000000268e-05
37, 8.199999999999874e-05
38, 0.00010699999999999599
39, 8.89999999999988e-05
40, 8.89999999999988e-05
41, 9.099999999999386e-05
42, 9.499999999999786e-05
43, 9.699999999999986e-05
44, 0.00010000000000000286
45, 0.00010299999999999893
46, 0.00010600000000000193
47, 0.00010899999999999799
48, 0.00011400000000000299
49, 0.00012899999999999717
50, 0.00011900000000000105
51, 0.00011999999999999511
52, 0.0001239999999999991
53, 0.0001270000000000021
54, 0.00012899999999999717
55, 0.00013200000000000017
56, 0.00013600000000000417
57, 0.00013900000000000023
58, 0.00014100000000000223
59, 0.00014599999999999336
60, 0.00014699999999999436
61, 0.00015099999999999836
62, 0.0002249999999999891
63, 0.00016099999999999448
64, 0.00016399999999999748
65, 0.00016500000000001236
66, 0.00016599999999999948
67, 0.00017100000000000448
68, 0.00017200000000000548
69, 0.0001749999999999946
70, 0.0001779999999999976
71, 0.00019199999999999773
72, 0.0001820000000000016
73, 0.0001910000000000106
74, 0.00021200000000000385
75, 0.00019099999999999673
76, 0.00019399999999999973
77, 0.00019899999999999085
78, 0.00020100000000000673
79, 0.00020599999999999785
80, 0.00020799999999999985
81, 0.00021100000000000285
82, 0.00021400000000000585
83, 0.00021699999999999497
84, 0.00021999999999999797
85, 0.00023100000000000898
86, 0.0003379999999999911
87, 0.00026600000000000235
88, 0.00026500000000000135
89, 0.00034000000000000696
90, 0.00024399999999999422
91, 0.0002449999999999952
92, 0.00036799999999999333
93, 0.00025499999999999134
94, 0.0002550000000000052
95, 0.00027199999999999447
96, 0.0002630000000000132
97, 0.00026500000000000135
98, 0.00027599999999999847
99, 0.0002789999999999876
100, 0.00028300000000000547
101, 0.00028700000000000947
102, 0.0002889999999999976
103, 0.00028500000000000747
104, 0.0003529999999999922
105, 0.0003039999999999987
106, 0.00029600000000001847
107, 0.0003060000000000007
108, 0.0003280000000000227
109, 0.0003049999999999997
110, 0.0003110000000000057
111, 0.00031499999999998196
112, 0.0003180000000000127
113, 0.00032199999999998896
114, 0.0003260000000000207
115, 0.00032899999999999596
116, 0.0003369999999999762
117, 0.00033600000000000296
118, 0.0003559999999999952
119, 0.00034400000000001096
120, 0.0003489999999999882
121, 0.0003529999999999922
122, 0.00035500000000002196
123, 0.0003599999999999992
124, 0.0003870000000000262
125, 0.0003680000000000072
126, 0.00039700000000000846
127, 0.0003790000000000182
128, 0.00038199999999999346
129, 0.00039000000000000146
130, 0.0004099999999999937
131, 0.00039100000000000246
132, 0.00039600000000000746
133, 0.00039800000000000946
134, 0.00043999999999999595
135, 0.00040300000000001446
136, 0.0004079999999999917
137, 0.0004709999999999992
138, 0.0005209999999999937
139, 0.0004699999999999982
140, 0.0004740000000000022
141, 0.0004770000000000052
142, 0.0004740000000000022
143, 0.0004899999999999904
144, 0.0005409999999999859
145, 0.0005090000000000094
146, 0.0005119999999999847
147, 0.0005389999999999839
148, 0.0005399999999999849
149, 0.0005229999999999957
150, 0.0005129999999999857
151, 0.0005149999999999877
152, 0.0005290000000000017
153, 0.0005149999999999877
154, 0.0005530000000000257
155, 0.0005889999999999507
156, 0.0005439999999999889
157, 0.0005229999999999957
158, 0.0005140000000000144
159, 0.0005229999999999957
160, 0.0005240000000000244
161, 0.0007020000000000359
162, 0.0005229999999999957
163, 0.0005189999999999917
164, 0.0005760000000000209
165, 0.0005240000000000244
166, 0.0006240000000000134
167, 0.0005359999999999809
168, 0.0005390000000000117
169, 0.0005399999999999849
170, 0.0005459999999999909
171, 0.0006220000000000114
172, 0.0005620000000000069
173, 0.0005570000000000297
174, 0.0007309999999999817
175, 0.0005680000000000129
176, 0.0005739999999999634
177, 0.0005739999999999634
178, 0.0005860000000000309
179, 0.0005660000000000109
180, 0.0005780000000000229
181, 0.0005910000000000082
182, 0.0005970000000000142
183, 0.0006169999999999787
184, 0.0006130000000000302
185, 0.0007199999999999984
186, 0.0006189999999999807
187, 0.0006160000000000054
188, 0.0006260000000000154
189, 0.0009250000000000091
190, 0.0006950000000000012
191, 0.0006519999999999859
192, 0.0006420000000000314
193, 0.0006520000000000414
194, 0.0006470000000000087
195, 0.0006610000000000227
196, 0.0006709999999999772
197, 0.0006629999999999692
198, 0.0006709999999999772
199, 0.0007290000000000352
200, 0.0006550000000000167
201, 0.0006680000000000019
202, 0.0006609999999999672
203, 0.0006680000000000019
204, 0.0006710000000000327
205, 0.0006939999999999724
206, 0.0006780000000000119
207, 0.0007039999999999824
208, 0.0006879999999999664
209, 0.0007820000000000049
210, 0.0008249999999999647
211, 0.0007449999999999957
212, 0.0008230000000000182
213, 0.0007289999999999797
214, 0.0007589999999999542
215, 0.0009670000000000512
216, 0.0007229999999999182
217, 0.0007249999999999757
218, 0.0008489999999999887
219, 0.0007539999999999214
220, 0.0007439999999999669
221, 0.0008639999999999759
222, 0.0007469999999999422
223, 0.0007609999999999006
224, 0.0009130000000000527
225, 0.0008299999999999974
226, 0.0008730000000000127
227, 0.0007960000000000189
228, 0.0007930000000000437
229, 0.0008070000000000022
230, 0.0008989999999999831
231, 0.0008659999999999224
232, 0.0008879999999999999
233, 0.0008289999999999687
234, 0.0008240000000000469
235, 0.0008820000000000494
236, 0.0008449999999999847
237, 0.0008449999999999847
238, 0.0008479999999999599
239, 0.0008500000000000174
240, 0.0009590000000000432
241, 0.0009130000000000527
242, 0.0008839999999999959
243, 0.0008749999999999591
244, 0.0008529999999999927
245, 0.0009190000000000031
246, 0.0009219999999999784
247, 0.0010590000000000321
248, 0.0010059999999999514
249, 0.0009679999999999689
250, 0.0009080000000000199
251, 0.0009080000000000199
252, 0.0009740000000000304
253, 0.0008909999999999751
254, 0.0008969999999999256
255, 0.0009040000000000159
256, 0.0009939999999999394
257, 0.0009169999999999456
258, 0.0009350000000000191
259, 0.0009250000000000647
260, 0.0009409999999999696
261, 0.0009349999999999081
262, 0.0009500000000000064
263, 0.000992000000000104
264, 0.0009480000000000599
265, 0.0010189999999999921
266, 0.0010639999999999539
267, 0.0010299999999999754
268, 0.0009829999999999561
269, 0.0012860000000000094
270, 0.001635000000000053
271, 0.0013020000000000254
272, 0.0011109999999999731
273, 0.0012320000000000109
274, 0.0014260000000000383
275, 0.0011420000000000874
276, 0.0012739999999999974
277, 0.0012710000000000221
278, 0.0013539999999999663
279, 0.001258999999999899
280, 0.0011399999999999189
281, 0.0011430000000000051
282, 0.0011379999999999724
283, 0.0010700000000000154
284, 0.0010669999999999291
285, 0.0010859999999999204
286, 0.0010679999999998468
287, 0.0010870000000000601
288, 0.0010750000000001592
289, 0.0010529999999999706
290, 0.0010630000000000361
291, 0.0010550000000000281
292, 0.0010599999999998388
293, 0.0010729999999998796
294, 0.0010729999999998796
295, 0.0010740000000000194
296, 0.0011730000000000906
297, 0.0010839999999998629
298, 0.0012060000000000404
299, 0.0010989999999999611
300, 0.001126999999999878
301, 0.001102999999999854
302, 0.0011409999999998366
303, 0.0013719999999999288
304, 0.0012680000000000469
305, 0.0011369999999999436
306, 0.0011569999999998526
307, 0.0012860000000001204
308, 0.0011660000000000004
309, 0.001479000000000008
310, 0.0011790000000000411
311, 0.0011939999999999173
312, 0.0012000000000000899
313, 0.0011959999999999749
314, 0.0012430000000001051
315, 0.001314999999999955
316, 0.0011710000000000331
317, 0.0011900000000000244
318, 0.0013050000000001116
319, 0.0012250000000000316
320, 0.0012849999999999806
321, 0.0012469999999999981
322, 0.001354999999999995
323, 0.0012790000000000301
324, 0.0012950000000000461
325, 0.0012490000000000556
326, 0.0012160000000001059
327, 0.0012250000000000316
328, 0.0012649999999998496
329, 0.0012339999999999574
330, 0.0013810000000000766
331, 0.0013250000000000206
332, 0.001354999999999995
333, 0.0012650000000000716
334, 0.0012619999999998743
335, 0.0013039999999999718
336, 0.001395000000000035
337, 0.0012809999999998656
338, 0.0013980000000000103
339, 0.0017209999999998615
340, 0.0014730000000000576
341, 0.001419000000000059
342, 0.001519000000000048
343, 0.0013980000000000103
344, 0.0014440000000000008
345, 0.0013539999999998553
346, 0.0017400000000000748
347, 0.0013670000000001181
348, 0.0014689999999999426
349, 0.0013910000000001421
350, 0.001498999999999917
351, 0.0014639999999999098
352, 0.0014070000000001581
353, 0.0014929999999999666
354, 0.0013800000000001589
355, 0.0014380000000000503
356, 0.0014120000000001909
357, 0.0015300000000000313
358, 0.0014919999999998268
359, 0.0014879999999999338
360, 0.0014880000000001559
361, 0.0014650000000000496
362, 0.0013959999999999528
363, 0.0014260000000001494
364, 0.001490999999999909
365, 0.001843000000000039
366, 0.0015160000000000728
367, 0.0016740000000001753
368, 0.0015180000000001304
369, 0.001558999999999866
370, 0.001490999999999909
371, 0.0014979999999999993
372, 0.0018299999999999983
373, 0.0015119999999999578
374, 0.0016079999999998318
375, 0.0015200000000001879
376, 0.0015380000000000393
377, 0.0015380000000000393
378, 0.0015080000000000648
379, 0.0014889999999998516
380, 0.0015939999999998733
381, 0.001583000000000112
382, 0.001674999999999649
383, 0.0016860000000002984
384, 0.0016280000000001849
385, 0.001606999999999914
386, 0.001638999999999946
387, 0.0015499999999999403
388, 0.001679000000000208
389, 0.0017580000000001483
390, 0.001606999999999914
391, 0.0017249999999999766
392, 0.0016020000000001033
393, 0.0018399999999996197
394, 0.0016169999999999796
395, 0.002062999999999704
396, 0.001678999999999764
397, 0.0017089999999999606
398, 0.0019089999999999385
399, 0.002050999999999803
400, 0.0016580000000003814
401, 0.0016729999999998135
402, 0.0017329999999997625
403, 0.001962999999999937
404, 0.0017459999999998033
405, 0.0016499999999997073
406, 0.0019440000000003899
407, 0.0016929999999999445
408, 0.0018130000000002866
409, 0.0017840000000002298
410, 0.0017130000000000756
411, 0.001802999999999777
412, 0.0017279999999999518
413, 0.0017339999999999023
414, 0.0020719999999996297
415, 0.0020849999999996705
416, 0.001858999999999611
417, 0.0018450000000003186
418, 0.0018820000000001613
419, 0.0018240000000000478
420, 0.001799000000000106
421, 0.0017849999999999255
422, 0.0018370000000000886
423, 0.0017920000000000158
424, 0.001818999999999793
425, 0.0018130000000002866
426, 0.0018620000000000303
427, 0.001843000000000039
428, 0.001914999999999889
429, 0.0018259999999998833
430, 0.0018370000000000886
431, 0.0018249999999997435
432, 0.0018340000000001133
433, 0.0019260000000000943
434, 0.0018770000000003506
435, 0.0018539999999998003
436, 0.0020769999999998845
437, 0.0022600000000001508
438, 0.0021490000000001785
439, 0.0022639999999998217
440, 0.0022890000000002075
441, 0.0023809999999997444
442, 0.0019679999999997477
443, 0.00332700000000008
444, 0.001990999999999854
445, 0.0026250000000000995
446, 0.0031080000000001107
447, 0.0027279999999998417
448, 0.002534999999999954
449, 0.0033360000000000056
450, 0.0019140000000001933
451, 0.0021490000000001785
452, 0.0024450000000002525
453, 0.002183000000000046
454, 0.002410999999999941
455, 0.001972000000000307
456, 0.0022049999999995684
457, 0.0023890000000004186
458, 0.0021019999999998262
459, 0.0021649999999997505
460, 0.002102999999999966
461, 0.0022290000000002586
462, 0.0020930000000003446
463, 0.002217999999999609
464, 0.0020839999999999748
465, 0.002102999999999966
466, 0.0020739999999999092
467, 0.0021260000000000723
468, 0.003033999999999981
469, 0.002064000000000288
470, 0.002075000000000049
471, 0.002287000000000372
472, 0.0021480000000000388
473, 0.003313999999999595
474, 0.0024180000000000312
475, 0.0024280000000000967
476, 0.002275000000000027
477, 0.0022600000000001508
478, 0.0022899999999999032
479, 0.0021130000000000315
480, 0.002177999999999791
481, 0.002449999999999619
482, 0.002143000000000228
483, 0.00239900000000004
484, 0.0023210000000002395
485, 0.002388000000000279
486, 0.0024010000000003195
487, 0.0024440000000001127
488, 0.0024440000000001127
489, 0.002202999999999733
490, 0.002674999999999983
491, 0.002210999999999963
492, 0.002750999999999948
493, 0.0022839999999999527
494, 0.002526999999999724
495, 0.0025940000000002073
496, 0.002429999999999488
497, 0.0022609999999998465
498, 0.002822000000000102
499, 0.002339000000000091
500, 0.0024020000000000152
501, 0.0022780000000004463
502, 0.002611000000000807
503, 0.003039000000000236
504, 0.0025569999999994764
505, 0.0028730000000001255
506, 0.0027449999999999974
507, 0.0029680000000000817
508, 0.0030079999999994556
509, 0.003169999999999895
510, 0.0029769999999995633
511, 0.002875000000000405
512, 0.0031639999999999446
513, 0.003667000000000087
514, 0.002572000000000685
515, 0.002610999999999919
516, 0.0027020000000002042
517, 0.002513999999999683
518, 0.0028600000000000847
519, 0.002618000000000009
520, 0.002438999999999858
521, 0.0026239999999999597
522, 0.0026340000000004693
523, 0.0026640000000002217
524, 0.002654999999999852
525, 0.002628000000000519
526, 0.002410999999999497
527, 0.0028490000000003235
528, 0.002771000000000079
529, 0.0025180000000002423
530, 0.0027599999999994296
531, 0.0024569999999997094
532, 0.0025060000000003413
533, 0.00262999999999991
534, 0.0024660000000000792
535, 0.0026559999999999917
536, 0.0026679999999998927
537, 0.002674999999999983
538, 0.0025839999999996976
539, 0.0025820000000003063
540, 0.002603000000000577
541, 0.002604000000000717
542, 0.0027639999999999887
543, 0.002685999999999744
544, 0.0025240000000001928
545, 0.0025170000000001025
546, 0.00278299999999998
547, 0.002853999999999246
548, 0.002909999999999968
549, 0.0029159999999999187
550, 0.0030120000000000147
551, 0.002805999999999642
552, 0.0027740000000004983
553, 0.002666999999999753
554, 0.0027769999999991413
555, 0.0027610000000004575
556, 0.002801999999999971
557, 0.0030479999999997176
558, 0.002837999999999674
559, 0.002834000000000003
560, 0.0028079999999999217
561, 0.003054999999999808
562, 0.002861999999999476
563, 0.003243000000000329
564, 0.002918000000000198
565, 0.0027679999999996596
566, 0.002971000000000501
567, 0.002966999999999942
568, 0.0030200000000002447
569, 0.003159000000000134
570, 0.003166000000000224
571, 0.0029930000000000234
572, 0.0031680000000005037
573, 0.002838999999999814
574, 0.0028559999999995256
575, 0.0027400000000001867
576, 0.0028420000000002332
577, 0.003185999999999467
578, 0.0027730000000003585
579, 0.0031920000000003057
580, 0.002862999999999616
581, 0.0026559999999999917
582, 0.002969999999999473
583, 0.0028050000000003905
584, 0.0027689999999997994
585, 0.002866000000000035
586, 0.00279100000000021
587, 0.002736000000000516
588, 0.0029169999999991703
589, 0.0030289999999997264
590, 0.0028329999999998634
591, 0.0031160000000003407
592, 0.0027689999999997994
593, 0.0028610000000002245
594, 0.0027370000000006556
595, 0.0028410000000000935
596, 0.0029840000000005418
597, 0.0028930000000002565
598, 0.002768000000000548
599, 0.002962000000000131
600, 0.0031409999999993943
601, 0.0034789999999995658
602, 0.0030879999999999797
603, 0.0028040000000002507
604, 0.0031409999999993943
605, 0.002966999999999942
606, 0.002998999999999974
607, 0.0028569999999996654
608, 0.0030890000000001194
609, 0.002927000000000568
610, 0.002907000000000437
611, 0.0031959999999999766
612, 0.003134000000000192
613, 0.002938999999999581
614, 0.003193999999999697
615, 0.0031999999999996476
616, 0.0029529999999997614
617, 0.0031239999999996826
618, 0.0030410000000005155
619, 0.0032649999999998514
620, 0.0032690000000004105
621, 0.003127000000000102
622, 0.003222000000000058
623, 0.0032429999999994408
624, 0.0032839999999998426
625, 0.0032840000000007308
626, 0.0031720000000001747
627, 0.003169999999999895
628, 0.0037329999999995422
629, 0.003171000000000035
630, 0.0033890000000003084
631, 0.0035090000000002064
632, 0.0032759999999996126
633, 0.0032410000000000494
634, 0.003309999999999924
635, 0.003013999999999406
636, 0.003039000000000236
637, 0.0036730000000000373
638, 0.0032330000000007075
639, 0.0033969999999996503
640, 0.003235000000000099
641, 0.0034929999999997463
642, 0.003139000000000003
643, 0.003150999999999904
644, 0.003185999999999467
645, 0.003182999999999936
646, 0.003498999999999697
647, 0.003427000000000291
648, 0.0034880000000008238
649, 0.003425999999999263
650, 0.0034290000000005705
651, 0.0034410000000004715
652, 0.00356700000000032
653, 0.003591000000000122
654, 0.003842999999999819
655, 0.003976999999999009
656, 0.0035060000000015634
657, 0.004004000000000119
658, 0.003807000000000116
659, 0.003555000000000419
660, 0.003697999999999979
661, 0.004585000000000505
662, 0.004004000000000119
663, 0.003926999999999126
664, 0.0041389999999985605
665, 0.004051000000000471
666, 0.004044999999999632
667, 0.0036120000000003927
668, 0.003731000000000151
669, 0.004098000000000823
670, 0.0036639999999987793
671, 0.0041039999999998855
672, 0.003622000000000014
673, 0.003881999999999053
674, 0.003738000000000241
675, 0.004818000000000211
676, 0.0037010000000012866
677, 0.0040389999999987936
678, 0.0037529999999996733
679, 0.003938999999999027
680, 0.004005999999998622
681, 0.003674000000000177
682, 0.004129999999999967
683, 0.0037769999999994752
684, 0.0038520000000001886
685, 0.00388700000000064
686, 0.004083999999998866
687, 0.003741999999999024
688, 0.004347000000000989
689, 0.004213999999999274
690, 0.003966999999999388
691, 0.003859000000000279
692, 0.003918999999999784
693, 0.004144999999999399
694, 0.004591999999998819
695, 0.004374999999999574
696, 0.004238000000000852
697, 0.004072999999999993
698, 0.0038890000000009195
699, 0.004290000000001015
700, 0.003939000000000803
701, 0.004008000000000678
702, 0.004239999999999355
703, 0.0040919999999999845
704, 0.00402099999999983
705, 0.003956000000000515
706, 0.004281000000000645
707, 0.00434300000000043
708, 0.004302000000000916
709, 0.004111999999999227
710, 0.004235999999998796
711, 0.004210999999999743
712, 0.004202000000001149
713, 0.0040119999999994604
714, 0.004457000000000377
715, 0.004129999999999967
716, 0.004429999999999268
717, 0.004481999999999431
718, 0.00414299999999912
719, 0.004072000000000742
720, 0.004174000000000788
721, 0.004472999999999061
722, 0.0042840000000001766
723, 0.0038920000000004507
724, 0.004293999999999798
725, 0.004450000000000287
726, 0.004540000000000433
727, 0.004092999999999236
728, 0.00464500000000001
729, 0.004215000000000302
730, 0.004280999999998869
731, 0.004751000000000616
732, 0.0045869999999990085
733, 0.00430199999999914
734, 0.004709000000000074
735, 0.004239999999999355
736, 0.004388000000000503
737, 0.004526000000000252
738, 0.00462199999999946
739, 0.004952000000001178
740, 0.004519000000000162
741, 0.004687000000000552
742, 0.004759000000001734
743, 0.004905000000000825
744, 0.005307000000000173
745, 0.004963000000000051
746, 0.0045229999999989445
747, 0.004713000000000633
748, 0.005143999999999593
749, 0.004356000000001359
750, 0.0046119999999998385
751, 0.005681000000000935
752, 0.004345000000000709
753, 0.005452000000000012
754, 0.004623999999999739
755, 0.004514999999999603
756, 0.0047519999999998674
757, 0.004713999999999885
758, 0.004555999999999116
759, 0.004355000000000331
760, 0.004599000000000686
761, 0.00556599999999996
762, 0.004743000000001274
763, 0.0052760000000002805
764, 0.004922999999999789
765, 0.004640999999999451
766, 0.0065979999999985495
767, 0.005478000000000094
768, 0.005330999999999975
769, 0.004607999999999279
770, 0.004646999999998513
771, 0.005666000000001503
772, 0.005136999999999503
773, 0.005085000000001116
774, 0.007353000000000165
775, 0.004680999999999713
776, 0.0047920000000001295
777, 0.005625000000000213
778, 0.006129999999998859
779, 0.005087999999998871
780, 0.004805999999998534
781, 0.00512600000000063
782, 0.004639000000000948
783, 0.0049309999999991305
784, 0.005361999999999867
785, 0.0048159999999999314
786, 0.005219999999999558
787, 0.004725999999999786
788, 0.005041999999999547
789, 0.004823000000000022
790, 0.004885999999999058
791, 0.005707000000001017
792, 0.005577999999999861
793, 0.0058869999999995315
794, 0.004806999999999562
795, 0.0049080000000003565
796, 0.004834999999999923
797, 0.006891999999998788
798, 0.00494899999999987
799, 0.005749999999999034
800, 0.005029000000000394
801, 0.005319000000000074
802, 0.0052349999999989905
803, 0.005233000000000487
804, 0.00523899999999955
805, 0.0051640000000006125
806, 0.005485000000000184
807, 0.005615000000000592
808, 0.006133999999999418
809, 0.005933000000000632
810, 0.0053040000000006415
811, 0.005089999999999151
812, 0.004913999999999419
813, 0.005221999999999838
814, 0.005062000000000566
815, 0.005067999999999628
816, 0.004979000000000511
817, 0.005167000000000144
818, 0.005022999999999556
819, 0.005231000000000208
820, 0.005051999999999168
821, 0.004982000000000042
822, 0.004904999999999049
823, 0.005192000000000974
824, 0.00495800000000024
825, 0.005127999999999133
826, 0.005488999999998967
827, 0.005371000000000237
828, 0.0049440000000000595
829, 0.005311999999999983
830, 0.0060790000000015
831, 0.005561000000000149
832, 0.00556399999999968
833, 0.005256000000002814
834, 0.005555999999998562
835, 0.005202000000000595
836, 0.005250999999997674
837, 0.005300000000001859
838, 0.005373999999999768
839, 0.004978000000001259
840, 0.005224999999999369
841, 0.00510799999999989
842, 0.005193999999999477
843, 0.005140000000000811
844, 0.005185000000000883
845, 0.00501700000000227
846, 0.005258000000001317
847, 0.005101999999997275
848, 0.005150000000000432
849, 0.00517600000000229
850, 0.005831000000000586
851, 0.005348000000001463
852, 0.00537299999999874
853, 0.005637000000000114
854, 0.005663000000001972
855, 0.005441000000001139
856, 0.005096999999999241
857, 0.005552000000001556
858, 0.005438000000001608
859, 0.0054220000000029245
860, 0.00555699999999959
861, 0.005335999999999785
862, 0.005804000000001253
863, 0.005670000000002062
864, 0.0052109999999991885
865, 0.005786999999997988
866, 0.00540499999999966
867, 0.005976999999997901
868, 0.006188999999999112
869, 0.005335999999999785
870, 0.005528999999999229
871, 0.005458999999998326
872, 0.005939000000001471
873, 0.005591000000002566
874, 0.005479000000001122
875, 0.005615999999999843
876, 0.005763999999999214
877, 0.005959000000000714
878, 0.005834999999997592
879, 0.0057780000000029474
880, 0.005591000000002566
881, 0.0061840000000010775
882, 0.005603999999998166
883, 0.006859999999999644
884, 0.005951999999997071
885, 0.0058050000000022806
886, 0.006029999999999092
887, 0.0053909999999994795
888, 0.005586000000000979
889, 0.005708000000002045
890, 0.005933999999999884
891, 0.005804000000001253
892, 0.005795000000002659
893, 0.0059800000000009845
894, 0.0056939999999983115
895, 0.005805999999999756
896, 0.005621999999998906
897, 0.00558200000000042
898, 0.005593999999998545
899, 0.007179000000000713
900, 0.006022000000001526
901, 0.005770000000001829
902, 0.005883999999998224
903, 0.005689999999997752
904, 0.00665300000000002
905, 0.006069999999997577
906, 0.005834000000000117
907, 0.005765000000000242
908, 0.006011000000000877
909, 0.006266000000000105
910, 0.006065000000003096
911, 0.005804000000001253
912, 0.006123999999999796
913, 0.006024999999997505
914, 0.005959999999998189
915, 0.006129000000001383
916, 0.005831000000000586
917, 0.006047999999999831
918, 0.006544999999999135
919, 0.005770000000001829
920, 0.006105999999999057
921, 0.006547000000001191
922, 0.006057999999999453
923, 0.008313000000001125
924, 0.00646899999999917
925, 0.006111000000000644
926, 0.0061130000000027
927, 0.006165000000002863
928, 0.006129999999998859
929, 0.0062069999999998515
930, 0.006219999999999004
931, 0.006807999999999481
932, 0.007699999999999818
933, 0.0069409999999976435
934, 0.006205000000001348
935, 0.0063650000000023965
936, 0.0061560000000007165
937, 0.005962000000000245
938, 0.006335999999997455
939, 0.00627200000000272
940, 0.005945000000000533
941, 0.006222999999998535
942, 0.006385999999999115
943, 0.0060800000000007515
944, 0.006571000000000993
945, 0.006018999999998442
946, 0.0069169999999978415
947, 0.006157000000001744
948, 0.006179999999996966
949, 0.006298000000001025
950, 0.0064630000000001075
951, 0.006674000000000291
952, 0.0068179999999991026
953, 0.0067139999999987765
954, 0.006885000000000474
955, 0.0066099999999984504
956, 0.006196000000002755
957, 0.006553000000000253
958, 0.0068730000000023495
959, 0.006390999999997149
960, 0.006665999999999173
961, 0.007244000000000028
962, 0.006733999999998019
963, 0.009087000000000955
964, 0.00665300000000002
965, 0.0071729999999980976
966, 0.006655999999999551
967, 0.007267000000002355
968, 0.006612000000000506
969, 0.00726099999999974
970, 0.0067139999999987765
971, 0.006835000000002367
972, 0.006764000000000436
973, 0.007987999999997442
974, 0.008010999999999768
975, 0.0071959999999968716
976, 0.006852999999999554
977, 0.0073259999999990555
978, 0.007087999999999539
979, 0.006906000000000745
980, 0.006717999999999336
981, 0.007207000000001074
982, 0.007122000000002515
983, 0.006940000000000168
984, 0.007259000000001237
985, 0.0069419999999986715
986, 0.006888000000000005
987, 0.006755999999999318
988, 0.008141000000001952
989, 0.0070179999999986364
990, 0.006942999999999699
991, 0.00710199999999972
992, 0.006907999999999248
993, 0.006774000000000058
994, 0.008269999999999555
995, 0.008510000000001128
996, 0.008160000000000167
997, 0.008289999999998798
998, 0.009811000000002679
999, 0.010854999999999393
1000, 0.007943000000000922
1001, 0.007772000000002777
1002, 0.007568999999996606
1003, 0.007259999999998712
1004, 0.007106000000000279
1005, 0.0075360000000017635
1006, 0.0072570000000027335
1007, 0.007152999999998855
1008, 0.007518000000001024
1009, 0.007259999999998712
1010, 0.007941000000002418
1011, 0.006986000000001269
1012, 0.007613999999996679
1013, 0.007155000000000911
1014, 0.0076059999999991135
1015, 0.006951000000000818
1016, 0.007584999999998843
1017, 0.007875000000002075
1018, 0.0076790000000031
1019, 0.007283999999998514
1020, 0.0074070000000006075
1021, 0.007649000000000683
1022, 0.007600000000000051
1023, 0.008044999999999192
1024, 0.0075299999999991485
1025, 0.007630999999999943
1026, 0.006990999999999303
1027, 0.00738200000000333
1028, 0.008741000000000554
1029, 0.0075590000000005375
1030, 0.00783699999999854
1031, 0.007528000000000645
1032, 0.00774200000000036
1033, 0.007782000000002398
1034, 0.007775999999999783
1035, 0.007771999999999224
1036, 0.007336999999999705
1037, 0.007707999999997384
1038, 0.007660999999998808
1039, 0.007625999999998356
1040, 0.007495999999999725
1041, 0.007943000000000922
1042, 0.008248999999999285
1043, 0.00729300000000066
1044, 0.006962999999998942
1045, 0.0074239999999967665
1046, 0.007522999999999058
1047, 0.007615999999998735
1048, 0.007988000000000994
1049, 0.007296000000000191
1050, 0.007542000000000826
1051, 0.007615999999998735
1052, 0.007456000000001239
1053, 0.007920999999999623
1054, 0.008624000000001075
1055, 0.007669999999997401
1056, 0.007584999999998843
1057, 0.007677999999998519
1058, 0.007655000000003298
1059, 0.0075529999999979225
1060, 0.00785099999999872
1061, 0.0076579999999992765
1062, 0.007822000000000884
1063, 0.009412000000001086
1064, 0.007971999999998758
1065, 0.007870999999997963
1066, 0.0076120000000017285
1067, 0.008199999999998653
1068, 0.00768499999999861
1069, 0.00813699999999784
1070, 0.008024999999996396
1071, 0.008181000000000438
1072, 0.008153000000000077
1073, 0.008089000000005342
1074, 0.007446999999999093
1075, 0.007406000000003132
1076, 0.007621000000000322
1077, 0.007896000000002346
1078, 0.008541999999998495
1079, 0.008334999999995318
1080, 0.008184999999997444
1081, 0.007593999999997436
1082, 0.007698000000004868
1083, 0.007806999999999675
1084, 0.0075749999999956685
1085, 0.008144999999998959
1086, 0.007759999999997547
1087, 0.007494000000001222
1088, 0.008662000000001058
1089, 0.009130999999996448
1090, 0.008341000000001486
1091, 0.00840300000000127
1092, 0.007999999999995566
1093, 0.00850499999999954
1094, 0.009557000000000926
1095, 0.008306999999994957
1096, 0.008236000000003685
1097, 0.008568000000003906
1098, 0.007953999999998018
1099, 0.008402000000003795
1100, 0.008295000000003938
1101, 0.009010000000003515
1102, 0.008316000000000656
1103, 0.008087000000003286
1104, 0.008039000000003682
1105, 0.008411999999999864
1106, 0.007925000000000182
1107, 0.008696999999997956
1108, 0.008244000000004803
1109, 0.007890000000003283
1110, 0.008328000000005886
1111, 0.008025000000003502
1112, 0.008742999999995504
1113, 0.008183000000002494
1114, 0.009113999999996736
1115, 0.00806100000000498
1116, 0.008994000000001279
1117, 0.008457999999997412
1118, 0.008214999999999861
1119, 0.0083269999999942
1120, 0.008300999999995895
1121, 0.008800999999998282
1122, 0.009155999999997277
1123, 0.010089999999998156
1124, 0.008250000000003865
1125, 0.008893000000000484
1126, 0.008589000000000624
1127, 0.00851400000000524
1128, 0.008958999999997275
1129, 0.008468999999998061
1130, 0.009159000000003914
1131, 0.008043999999998164
1132, 0.008397000000002208
1133, 0.008696000000000481
1134, 0.00964599999999649
1135, 0.008633000000003221
1136, 0.008660999999996477
1137, 0.009234000000006404
1138, 0.009622000000000241
1139, 0.008480999999996186
1140, 0.00897399999999493
1141, 0.009032000000004814
1142, 0.009789999999995302
1143, 0.008823999999997056
1144, 0.009524999999996453
1145, 0.009055000000003588
1146, 0.009637999999995372
1147, 0.008879000000000303
1148, 0.008286000000005345
1149, 0.008767000000005964
1150, 0.008941000000000088
1151, 0.00855200000000167
1152, 0.008829999999996119
1153, 0.0087040000000016
1154, 0.008576000000005024
1155, 0.008645000000001346
1156, 0.008693999999998425
1157, 0.00878099999999904
1158, 0.009167000000005032
1159, 0.009291000000004601
1160, 0.008429999999997051
1161, 0.008620999999997991
1162, 0.0088180000000051
1163, 0.009269000000003302
1164, 0.009692000000001144
1165, 0.009469000000002836
1166, 0.008836000000002286
1167, 0.008487000000002354
1168, 0.008778999999996984
1169, 0.008570999999996332
1170, 0.010584999999998956
1171, 0.009739000000003273
1172, 0.010374999999996248
1173, 0.009803999999995483
1174, 0.009519999999994866
1175, 0.009965999999998587
1176, 0.008853000000001998
1177, 0.00886899999999713
1178, 0.00885700000000611
1179, 0.009322999999994863
1180, 0.010539999999998884
1181, 0.010035000000002015
1182, 0.009664999999998258
1183, 0.010364000000002704
1184, 0.00921300000000258
1185, 0.008675999999994133
1186, 0.008824999999994532
1187, 0.008865000000000123
1188, 0.008884999999999366
1189, 0.008830999999993594
1190, 0.008907000000000664
1191, 0.010364000000002704
1192, 0.0094530000000006
1193, 0.009375999999996054
1194, 0.01016199999999401
1195, 0.010255999999998267
1196, 0.009119000000005428
1197, 0.009231999999997242
1198, 0.009123000000002435
1199, 0.009198999999995294
1200, 0.009040999999996302
1201, 0.009168999999999983
1202, 0.00929000000000002
1203, 0.009461999999999193
1204, 0.010233999999996968
1205, 0.010222000000005949
1206, 0.009686999999999557
1207, 0.010153000000002521
1208, 0.009660000000003777
1209, 0.009534000000002152
1210, 0.009373000000003628
1211, 0.008783000000001095
1212, 0.008822000000002106
1213, 0.008963999999998862
1214, 0.010195000000003063
1215, 0.010384999999999422
1216, 0.009291000000004601
1217, 0.009973999999999705
1218, 0.010786000000003071
1219, 0.009574000000000638
1220, 0.009284000000000958
1221, 0.009399000000001934
1222, 0.010739000000000942
1223, 0.010562000000000182
1224, 0.010291999999999746
1225, 0.010179000000000826
1226, 0.010082000000004143
1227, 0.014225000000003263
1228, 0.011586999999998682
1229, 0.01040299999999661
1230, 0.010167000000002702
1231, 0.009926000000000101
1232, 0.010432999999999026
1233, 0.009746999999997286
1234, 0.010075999999997975
1235, 0.012871000000004074
1236, 0.012391999999998404
1237, 0.010354999999997005
1238, 0.009787000000002877
1239, 0.01083500000000015
1240, 0.0099480000000014
1241, 0.010248999999994624
1242, 0.01036799999999971
1243, 0.010678999999996108
1244, 0.010280000000001621
1245, 0.009979999999998768
1246, 0.010305999999999926
1247, 0.010650999999995747
1248, 0.015093000000000245
1249, 0.023098000000004504
1250, 0.01916100000000398
1251, 0.021666000000003294
1252, 0.019058999999998605
1253, 0.011651000000000522
1254, 0.011693000000001064
1255, 0.012521999999997036
1256, 0.011269999999996116
1257, 0.010927000000002351
1258, 0.011195000000000732
1259, 0.011283999999996297
1260, 0.010113999999994405
1261, 0.010576999999997838
1262, 0.010503999999997404
1263, 0.011287000000002934
1264, 0.010632000000001085
1265, 0.01130200000000059
1266, 0.009830999999998369
1267, 0.011902999999996666
1268, 0.010862000000003036
1269, 0.010443999999999676
1270, 0.009818000000002769
1271, 0.011046999999997809
1272, 0.01060600000000278
1273, 0.01122800000000268
1274, 0.010761000000002241
1275, 0.011206999999998857
1276, 0.010434000000003607
1277, 0.01050599999999946
1278, 0.010528000000000759
1279, 0.011829999999996232
1280, 0.010497999999998342
1281, 0.010622999999995386
1282, 0.01068199999999564
1283, 0.01098500000000513
1284, 0.012169999999997572
1285, 0.01289899999999733
1286, 0.010870000000004154
1287, 0.011350999999997669
1288, 0.011721000000001425
1289, 0.010702000000001988
1290, 0.011180000000003076
1291, 0.011051999999999396
1292, 0.011563000000002432
1293, 0.01083500000000015
1294, 0.010715000000004693
1295, 0.011535000000002071
1296, 0.010826000000001557
1297, 0.011124000000002354
1298, 0.010796999999996615
1299, 0.010989999999999611
1300, 0.01092100000000329
1301, 0.011275999999995179
1302, 0.012239000000000999
1303, 0.012820999999995308
1304, 0.01177200000000056
1305, 0.011501000000002648
1306, 0.012323000000002082
1307, 0.014656000000002223
1308, 0.011851999999997531
1309, 0.01170999999999367
1310, 0.011752999999998792
1311, 0.011433000000003801
1312, 0.011834000000000344
1313, 0.011440999999997814
1314, 0.014516000000000417
1315, 0.01189899999999966
1316, 0.011800999999998396
1317, 0.011586000000001206
1318, 0.011654999999997528
1319, 0.011538999999999078
1320, 0.011645999999998935
1321, 0.013001000000002705
1322, 0.012037999999996885
1323, 0.011210999999995863
1324, 0.011245000000002392
1325, 0.011527999999998428
1326, 0.012957000000000107
1327, 0.012258000000002767
1328, 0.012125999999994974
1329, 0.011522999999996841
1330, 0.011859000000001174
1331, 0.012225000000000819
1332, 0.012361999999995987
1333, 0.011052999999996871
1334, 0.011960999999999444
1335, 0.01192400000000049
1336, 0.014104000000003225
1337, 0.011268999999998641
1338, 0.013404999999998779
1339, 0.011684999999999945
1340, 0.012673999999996965
1341, 0.011820000000000164
1342, 0.011361000000000843
1343, 0.012427999999999884
1344, 0.011246999999997342
1345, 0.011248999999999398
1346, 0.012756000000003098
1347, 0.011693000000001064
1348, 0.011306000000004701
1349, 0.012005000000002042
1350, 0.011893999999998073
1351, 0.011800999999998396
1352, 0.01155599999999879
1353, 0.012173999999994578
1354, 0.012173999999994578
1355, 0.01339399999999813
1356, 0.011699000000000126
1357, 0.011987999999995225
1358, 0.012298999999998728
1359, 0.012325000000004138
1360, 0.01207600000000042
1361, 0.01250800000000396
1362, 0.012124000000000024
1363, 0.012257000000005291
1364, 0.013098999999996863
1365, 0.012709999999998445
1366, 0.012323999999992452
1367, 0.013311000000001627
1368, 0.012393000000002985
1369, 0.012525999999994042
1370, 0.011251000000001454
1371, 0.011992999999989706
1372, 0.01296299999999917
1373, 0.012224000000003343
1374, 0.01198800000000233
1375, 0.012579999999999814
1376, 0.012825000000006526
1377, 0.012169999999997572
1378, 0.012295999999992091
1379, 0.01248300000000313
1380, 0.012411000000000172
1381, 0.012310999999996852
1382, 0.012802000000007752
1383, 0.011725999999995906
1384, 0.012664999999998372
1385, 0.012248999999997068
1386, 0.012292999999999665
1387, 0.01268500000000472
1388, 0.011984999999995694
1389, 0.012678000000008183
1390, 0.012659999999996785
1391, 0.012651000000005297
1392, 0.012228000000007455
1393, 0.012703000000001907
1394, 0.014589000000000851
1395, 0.012932000000006383
1396, 0.012357000000008611
1397, 0.012659999999996785
1398, 0.011977999999999156
1399, 0.012804000000002702
1400, 0.013530000000002929
1401, 0.013830999999996152
1402, 0.012832000000003063
1403, 0.013778999999999542
1404, 0.013440000000002783
1405, 0.012715000000000032
1406, 0.01295399999999347
1407, 0.013415999999992323
1408, 0.013227999999998019
1409, 0.012993999999991956
1410, 0.013513000000003217
1411, 0.013049000000009414
1412, 0.01295199999999852
1413, 0.013891999999998461
1414, 0.013437999999993622
1415, 0.01301699999999073
1416, 0.01433499999998844
1417, 0.013492999999996869
1418, 0.01225499999999613
1419, 0.01317799999999636
1420, 0.012790999999992891
1421, 0.013315999999989003
1422, 0.013138999999995349
1423, 0.012793000000002053
1424, 0.012689999999992096
1425, 0.012608000000000175
1426, 0.01326699999999903
1427, 0.013290999999995279
1428, 0.013224999999991383
1429, 0.012800999999996066
1430, 0.013221999999998957
1431, 0.012525000000010778
1432, 0.01297599999999477
1433, 0.01280199999999354
1434, 0.012506000000001904
1435, 0.01381200000000149
1436, 0.013526999999996292
1437, 0.013585000000006175
1438, 0.013612000000009061
1439, 0.013810999999989804
1440, 0.013069999999999027
1441, 0.013452999999998383
1442, 0.014544999999998254
1443, 0.014474000000006981
1444, 0.0136099999999999
1445, 0.013660999999999035
1446, 0.012743999999997868
1447, 0.014688000000006696
1448, 0.013388999999989437
1449, 0.013855000000006612
1450, 0.012599000000008687
1451, 0.013525000000001342
1452, 0.013200000000011869
1453, 0.013441000000000258
1454, 0.013176000000001409
1455, 0.013394000000005235
1456, 0.013457000000002495
1457, 0.01260899999999765
1458, 0.013660999999999035
1459, 0.013801999999998316
1460, 0.013342999999991889
1461, 0.01338200000000711
1462, 0.014558999999991329
1463, 0.013443999999992684
1464, 0.013628000000011298
1465, 0.014164999999991323
1466, 0.013860999999991463
1467, 0.013702000000009207
1468, 0.013108000000002562
1469, 0.013480999999998744
1470, 0.012971000000007393
1471, 0.014539999999996667
1472, 0.012957999999997583
1473, 0.014202000000011594
1474, 0.014723000000003594
1475, 0.01431999999999789
1476, 0.014715999999992846
1477, 0.013642000000004373
1478, 0.014223999999998682
1479, 0.01721200000000067
1480, 0.014008000000004017
1481, 0.013798999999991679
1482, 0.014649000000005685
1483, 0.014046999999990817
1484, 0.014652999999995586
1485, 0.014646999999996524
1486, 0.01439599999999075
1487, 0.01387899999998865
1488, 0.01530999999999949
1489, 0.013790999999997666
1490, 0.01360800000000495
1491, 0.01425700000000063
1492, 0.014305999999990604
1493, 0.014248000000009142
1494, 0.014336000000000126
1495, 0.014360999999993851
1496, 0.014189000000001784
1497, 0.013866000000007261
1498, 0.01390100000000416
1499, 0.014386999999999261
